z | log(m) | f | error
   0.14    9.71    0.08   0.003
   0.14   10.07    0.08   0.003
   0.14   10.43    0.08   0.003
   0.14   10.79    0.12   0.005
   0.14   11.14    0.17   0.012
   0.14   11.50    0.22   0.046
   0.52    9.71    0.20   0.004
   0.52   10.07    0.21   0.004
   0.52   10.43    0.23   0.006
   0.52   10.79    0.30   0.010
   0.52   11.14    0.42   0.026
   0.52   11.50    0.59   0.124
   1.00    9.71    0.28   0.004
   1.00   10.07    0.31   0.005
   1.00   10.43    0.38   0.008
   1.00   10.79    0.49   0.016
   1.00   11.14    0.67   0.047
   1.00   11.50    0.92   0.383
   2.00    9.71    0.44   0.006
   2.00   10.07    0.52   0.009
   2.00   10.43    0.65   0.017
   2.00   10.79    0.78   0.037
   2.00   11.14    0.92   0.131
   2.00   11.50    1.00   1.000
   3.00    9.71    0.63   0.011
   3.00   10.07    0.73   0.019
   3.00   10.43    0.83   0.040
   3.00   10.79    0.93   0.124
   3.00   11.14    1.00   1.000
   3.90    9.71    0.80   0.031
   3.90   10.07    0.86   0.063
   3.90   10.43    0.90   0.169
   3.90   10.79    1.00   0.707
   5.00    9.71    0.91   0.123
   5.00   10.07    1.00   0.295
   5.00   10.43    1.00   0.632
