z | log(m) | density(percentile) | SFR | f | error
   0.14    9.50    0.00   0.200   0.048   0.017
   0.14    9.50    0.00   0.398   0.086   0.014
   0.14    9.50    0.00   0.794   0.069   0.027
   0.14    9.50   10.00   0.000   0.333   0.385
   0.14    9.50   10.00   0.200   0.032   0.013
   0.14    9.50   10.00   0.398   0.069   0.013
   0.14    9.50   10.00   0.794   0.095   0.033
   0.14    9.50   10.00   1.585   0.071   0.074
   0.14    9.50   20.00   0.200   0.095   0.027
   0.14    9.50   20.00   0.398   0.080   0.015
   0.14    9.50   20.00   0.794   0.089   0.033
   0.14    9.50   20.00   1.585   0.125   0.094
   0.14    9.50   30.00   0.200   0.037   0.017
   0.14    9.50   30.00   0.398   0.080   0.016
   0.14    9.50   30.00   0.794   0.093   0.034
   0.14    9.50   30.00   1.585   0.067   0.069
   0.14    9.50   40.00   0.200   0.050   0.019
   0.14    9.50   40.00   0.398   0.089   0.018
   0.14    9.50   40.00   0.794   0.113   0.040
   0.14    9.50   40.00   1.585   0.095   0.070
   0.14    9.50   50.00   0.200   0.038   0.018
   0.14    9.50   50.00   0.398   0.093   0.018
   0.14    9.50   50.00   0.794   0.088   0.041
   0.14    9.50   60.00   0.200   0.093   0.031
   0.14    9.50   60.00   0.398   0.118   0.023
   0.14    9.50   60.00   0.794   0.046   0.027
   0.14    9.50   70.00   0.100   0.286   0.229
   0.14    9.50   70.00   0.200   0.115   0.038
   0.14    9.50   70.00   0.398   0.112   0.025
   0.14    9.50   70.00   0.794   0.132   0.053
   0.14    9.50   70.00   1.585   0.200   0.219
   0.14    9.50   80.00   0.200   0.129   0.046
   0.14    9.50   80.00   0.398   0.105   0.026
   0.14    9.50   80.00   0.794   0.182   0.070
   0.14    9.50   80.00   1.585   0.125   0.133
   0.14    9.50   90.00   0.200   0.156   0.075
   0.14    9.50   90.00   0.398   0.160   0.043
   0.14    9.50   90.00   0.794   0.227   0.113
   0.14    9.75    0.00   0.200   0.052   0.031
   0.14    9.75    0.00   0.398   0.059   0.012
   0.14    9.75    0.00   0.794   0.077   0.015
   0.14    9.75    0.00   1.585   0.083   0.035
   0.14    9.75    0.00   3.162   0.143   0.153
   0.14    9.75   10.00   0.200   0.016   0.016
   0.14    9.75   10.00   0.398   0.094   0.015
   0.14    9.75   10.00   0.794   0.078   0.016
   0.14    9.75   10.00   1.585   0.019   0.019
   0.14    9.75   20.00   0.398   0.081   0.015
   0.14    9.75   20.00   0.794   0.091   0.017
   0.14    9.75   20.00   1.585   0.071   0.037
   0.14    9.75   20.00   3.162   0.125   0.133
   0.14    9.75   30.00   0.200   0.032   0.023
   0.14    9.75   30.00   0.398   0.069   0.013
   0.14    9.75   30.00   0.794   0.075   0.016
   0.14    9.75   30.00   1.585   0.156   0.063
   0.14    9.75   40.00   0.200   0.097   0.041
   0.14    9.75   40.00   0.398   0.065   0.013
   0.14    9.75   40.00   0.794   0.098   0.019
   0.14    9.75   40.00   1.585   0.045   0.033
   0.14    9.75   40.00   3.162   0.091   0.095
   0.14    9.75   50.00   0.200   0.125   0.054
   0.14    9.75   50.00   0.398   0.099   0.017
   0.14    9.75   50.00   0.794   0.052   0.014
   0.14    9.75   50.00   1.585   0.095   0.050
   0.14    9.75   60.00   0.200   0.041   0.029
   0.14    9.75   60.00   0.398   0.069   0.015
   0.14    9.75   60.00   0.794   0.086   0.018
   0.14    9.75   60.00   1.585   0.042   0.030
   0.14    9.75   60.00   6.310   0.500   0.612
   0.14    9.75   70.00   0.200   0.158   0.069
   0.14    9.75   70.00   0.398   0.083   0.016
   0.14    9.75   70.00   0.794   0.081   0.019
   0.14    9.75   80.00   0.200   0.175   0.072
   0.14    9.75   80.00   0.398   0.115   0.021
   0.14    9.75   80.00   0.794   0.085   0.021
   0.14    9.75   80.00   1.585   0.032   0.033
   0.14    9.75   90.00   0.200   0.048   0.049
   0.14    9.75   90.00   0.398   0.152   0.032
   0.14    9.75   90.00   0.794   0.147   0.036
   0.14    9.75   90.00   1.585   0.120   0.073
   0.14   10.00    0.00   0.398   0.025   0.014
   0.14   10.00    0.00   0.794   0.057   0.011
   0.14   10.00    0.00   1.585   0.062   0.018
   0.14   10.00    0.00   3.162   0.148   0.079
   0.14   10.00    0.00   6.310   0.200   0.219
   0.14   10.00   10.00   0.200   0.500   0.612
   0.14   10.00   10.00   0.398   0.080   0.028
   0.14   10.00   10.00   0.794   0.054   0.011
   0.14   10.00   10.00   1.585   0.049   0.016
   0.14   10.00   10.00   3.162   0.182   0.099
   0.14   10.00   20.00   0.398   0.085   0.028
   0.14   10.00   20.00   0.794   0.062   0.012
   0.14   10.00   20.00   1.585   0.069   0.020
   0.14   10.00   20.00   3.162   0.115   0.070
   0.14   10.00   30.00   0.200   0.250   0.280
   0.14   10.00   30.00   0.398   0.061   0.024
   0.14   10.00   30.00   0.794   0.066   0.012
   0.14   10.00   30.00   1.585   0.110   0.024
   0.14   10.00   30.00   3.162   0.062   0.046
   0.14   10.00   40.00   0.200   0.125   0.133
   0.14   10.00   40.00   0.398   0.073   0.025
   0.14   10.00   40.00   0.794   0.075   0.013
   0.14   10.00   40.00   1.585   0.090   0.022
   0.14   10.00   40.00   3.162   0.048   0.049
   0.14   10.00   50.00   0.398   0.069   0.024
   0.14   10.00   50.00   0.794   0.079   0.014
   0.14   10.00   50.00   1.585   0.074   0.021
   0.14   10.00   50.00   3.162   0.150   0.093
   0.14   10.00   60.00   0.398   0.080   0.026
   0.14   10.00   60.00   0.794   0.072   0.013
   0.14   10.00   60.00   1.585   0.068   0.020
   0.14   10.00   60.00   3.162   0.125   0.077
   0.14   10.00   70.00   0.200   0.200   0.219
   0.14   10.00   70.00   0.398   0.090   0.028
   0.14   10.00   70.00   0.794   0.051   0.011
   0.14   10.00   70.00   1.585   0.098   0.026
   0.14   10.00   70.00   3.162   0.136   0.084
   0.14   10.00   80.00   0.398   0.045   0.019
   0.14   10.00   80.00   0.794   0.094   0.017
   0.14   10.00   80.00   1.585   0.125   0.031
   0.14   10.00   90.00   0.200   0.375   0.254
   0.14   10.00   90.00   0.398   0.144   0.035
   0.14   10.00   90.00   0.794   0.117   0.023
   0.14   10.00   90.00   1.585   0.071   0.030
   0.14   10.00   90.00   3.162   0.125   0.133
   0.14   10.25    0.00   0.398   0.667   0.609
   0.14   10.25    0.00   0.794   0.066   0.023
   0.14   10.25    0.00   1.585   0.046   0.012
   0.14   10.25    0.00   3.162   0.032   0.019
   0.14   10.25    0.00   6.310   0.211   0.116
   0.14   10.25   10.00   0.398   0.143   0.153
   0.14   10.25   10.00   0.794   0.054   0.020
   0.14   10.25   10.00   1.585   0.043   0.011
   0.14   10.25   10.00   3.162   0.097   0.028
   0.14   10.25   20.00   0.794   0.096   0.029
   0.14   10.25   20.00   1.585   0.044   0.011
   0.14   10.25   20.00   3.162   0.035   0.018
   0.14   10.25   30.00   0.794   0.056   0.020
   0.14   10.25   30.00   1.585   0.049   0.012
   0.14   10.25   30.00   3.162   0.044   0.020
   0.14   10.25   30.00   6.310   0.077   0.080
   0.14   10.25   40.00   0.398   0.333   0.222
   0.14   10.25   40.00   0.794   0.030   0.015
   0.14   10.25   40.00   1.585   0.075   0.014
   0.14   10.25   40.00   3.162   0.050   0.021
   0.14   10.25   50.00   0.398   0.214   0.136
   0.14   10.25   50.00   0.794   0.058   0.021
   0.14   10.25   50.00   1.585   0.083   0.015
   0.14   10.25   50.00   3.162   0.125   0.033
   0.14   10.25   50.00   6.310   0.125   0.133
   0.14   10.25   60.00   0.794   0.085   0.024
   0.14   10.25   60.00   1.585   0.081   0.015
   0.14   10.25   60.00   3.162   0.154   0.037
   0.14   10.25   70.00   0.398   0.143   0.153
   0.14   10.25   70.00   0.794   0.107   0.027
   0.14   10.25   70.00   1.585   0.065   0.014
   0.14   10.25   70.00   3.162   0.109   0.036
   0.14   10.25   70.00   6.310   0.250   0.198
   0.14   10.25   80.00   0.398   0.111   0.083
   0.14   10.25   80.00   0.794   0.106   0.025
   0.14   10.25   80.00   1.585   0.059   0.014
   0.14   10.25   80.00   3.162   0.113   0.040
   0.14   10.25   90.00   0.398   0.138   0.074
   0.14   10.25   90.00   0.794   0.145   0.028
   0.14   10.25   90.00   1.585   0.101   0.021
   0.14   10.25   90.00   3.162   0.138   0.049
   0.14   10.25   90.00   6.310   0.200   0.219
   0.14   10.50    0.00   1.585   0.090   0.031
   0.14   10.50    0.00   3.162   0.051   0.016
   0.14   10.50    0.00   6.310   0.128   0.061
   0.14   10.50   10.00   0.794   0.167   0.180
   0.14   10.50   10.00   1.585   0.029   0.021
   0.14   10.50   10.00   3.162   0.058   0.017
   0.14   10.50   10.00   6.310   0.075   0.045
   0.14   10.50   20.00   0.794   0.400   0.335
   0.14   10.50   20.00   1.585   0.034   0.020
   0.14   10.50   20.00   3.162   0.091   0.021
   0.14   10.50   20.00   6.310   0.138   0.052
   0.14   10.50   30.00   1.585   0.072   0.028
   0.14   10.50   30.00   3.162   0.081   0.019
   0.14   10.50   30.00   6.310   0.133   0.050
   0.14   10.50   30.00  12.589   0.250   0.280
   0.14   10.50   40.00   0.794   0.286   0.229
   0.14   10.50   40.00   1.585   0.079   0.029
   0.14   10.50   40.00   3.162   0.101   0.022
   0.14   10.50   40.00   6.310   0.056   0.033
   0.14   10.50   50.00   0.794   0.375   0.254
   0.14   10.50   50.00   1.585   0.119   0.035
   0.14   10.50   50.00   3.162   0.083   0.018
   0.14   10.50   50.00   6.310   0.191   0.070
   0.14   10.50   60.00   1.585   0.110   0.029
   0.14   10.50   60.00   3.162   0.120   0.024
   0.14   10.50   60.00   6.310   0.102   0.048
   0.14   10.50   60.00  12.589   0.500   0.433
   0.14   10.50   70.00   1.585   0.146   0.036
   0.14   10.50   70.00   3.162   0.148   0.025
   0.14   10.50   70.00   6.310   0.179   0.061
   0.14   10.50   80.00   0.794   0.400   0.193
   0.14   10.50   80.00   1.585   0.119   0.028
   0.14   10.50   80.00   3.162   0.081   0.020
   0.14   10.50   80.00   6.310   0.128   0.055
   0.14   10.50   90.00   0.794   0.273   0.089
   0.14   10.50   90.00   1.585   0.187   0.035
   0.14   10.50   90.00   3.162   0.110   0.024
   0.14   10.50   90.00   6.310   0.079   0.047
   0.14   10.75    0.00   3.162   0.100   0.061
   0.14   10.75    0.00   6.310   0.060   0.027
   0.14   10.75    0.00  12.589   0.231   0.148
   0.14   10.75   10.00   3.162   0.043   0.031
   0.14   10.75   10.00   6.310   0.106   0.035
   0.14   10.75   10.00  12.589   0.077   0.080
   0.14   10.75   20.00   3.162   0.115   0.050
   0.14   10.75   20.00   6.310   0.110   0.035
   0.14   10.75   20.00  12.589   0.091   0.067
   0.14   10.75   30.00   1.585   0.500   0.433
   0.14   10.75   30.00   3.162   0.122   0.053
   0.14   10.75   30.00   6.310   0.112   0.033
   0.14   10.75   30.00  12.589   0.211   0.116
   0.14   10.75   40.00   1.585   0.400   0.335
   0.14   10.75   40.00   3.162   0.036   0.026
   0.14   10.75   40.00   6.310   0.098   0.031
   0.14   10.75   40.00  12.589   0.100   0.061
   0.14   10.75   40.00  25.119   0.500   0.612
   0.14   10.75   50.00   0.794   1.000   1.000
   0.14   10.75   50.00   1.585   0.500   0.433
   0.14   10.75   50.00   3.162   0.088   0.038
   0.14   10.75   50.00   6.310   0.091   0.026
   0.14   10.75   50.00  12.589   0.158   0.098
   0.14   10.75   60.00   1.585   0.400   0.335
   0.14   10.75   60.00   3.162   0.154   0.052
   0.14   10.75   60.00   6.310   0.131   0.035
   0.14   10.75   60.00  12.589   0.130   0.080
   0.14   10.75   70.00   1.585   0.222   0.174
   0.14   10.75   70.00   3.162   0.151   0.043
   0.14   10.75   70.00   6.310   0.149   0.035
   0.14   10.75   70.00  12.589   0.143   0.088
   0.14   10.75   80.00   1.585   0.364   0.212
   0.14   10.75   80.00   3.162   0.224   0.060
   0.14   10.75   80.00   6.310   0.193   0.041
   0.14   10.75   80.00  12.589   0.250   0.114
   0.14   10.75   90.00   0.794   0.667   0.609
   0.14   10.75   90.00   1.585   0.364   0.150
   0.14   10.75   90.00   3.162   0.206   0.042
   0.14   10.75   90.00   6.310   0.141   0.033
   0.14   10.75   90.00  12.589   0.231   0.148
   0.14   11.00    0.00   6.310   0.167   0.127
   0.14   11.00    0.00  12.589   0.125   0.077
   0.14   11.00   10.00   6.310   0.263   0.132
   0.14   11.00   10.00  12.589   0.194   0.086
   0.14   11.00   10.00  25.119   0.400   0.335
   0.14   11.00   20.00   6.310   0.167   0.104
   0.14   11.00   20.00  12.589   0.049   0.035
   0.14   11.00   20.00  25.119   0.750   0.573
   0.14   11.00   30.00   6.310   0.182   0.140
   0.14   11.00   30.00  12.589   0.043   0.031
   0.14   11.00   40.00  12.589   0.167   0.073
   0.14   11.00   40.00  25.119   0.333   0.272
   0.14   11.00   50.00   6.310   0.125   0.094
   0.14   11.00   50.00  12.589   0.188   0.068
   0.14   11.00   50.00  25.119   0.500   0.433
   0.14   11.00   60.00   6.310   0.100   0.074
   0.14   11.00   60.00  12.589   0.175   0.072
   0.14   11.00   60.00  25.119   0.333   0.272
   0.14   11.00   70.00   6.310   0.216   0.084
   0.14   11.00   70.00  12.589   0.158   0.057
   0.14   11.00   70.00  25.119   0.400   0.335
   0.14   11.00   80.00   3.162   0.750   0.573
   0.14   11.00   80.00   6.310   0.244   0.086
   0.14   11.00   80.00  12.589   0.145   0.052
   0.14   11.00   80.00  25.119   0.200   0.155
   0.14   11.00   90.00   3.162   0.182   0.140
   0.14   11.00   90.00   6.310   0.148   0.053
   0.14   11.00   90.00  12.589   0.095   0.037
   0.14   11.00   90.00  25.119   0.429   0.296
   0.14   11.25   10.00  25.119   0.200   0.219
   0.14   11.25   20.00  25.119   0.600   0.438
   0.14   11.25   30.00  25.119   0.333   0.192
   0.14   11.25   40.00  25.119   0.333   0.385
   0.14   11.25   50.00  25.119   0.273   0.178
   0.14   11.25   60.00  25.119   0.083   0.087
   0.14   11.25   70.00  12.589   0.429   0.296
   0.14   11.25   70.00  25.119   0.222   0.174
   0.14   11.25   80.00  12.589   0.333   0.222
   0.14   11.25   80.00  50.119   0.500   0.612
   0.14   11.25   90.00  25.119   0.143   0.088
   0.14   11.25   90.00  50.119   1.000   1.000
   0.14   11.50   90.00  25.119   0.250   0.280
   0.14   11.50   90.00  50.119   0.200   0.219
   0.52    9.50    0.00   0.200   0.118   0.044
   0.52    9.50    0.00   0.398   0.156   0.014
   0.52    9.50    0.00   0.794   0.162   0.020
   0.52    9.50    0.00   1.585   0.111   0.044
   0.52    9.50   10.00   0.200   0.204   0.067
   0.52    9.50   10.00   0.398   0.137   0.014
   0.52    9.50   10.00   0.794   0.170   0.021
   0.52    9.50   10.00   1.585   0.113   0.045
   0.52    9.50   20.00   0.200   0.179   0.052
   0.52    9.50   20.00   0.398   0.173   0.016
   0.52    9.50   20.00   0.794   0.204   0.026
   0.52    9.50   20.00   1.585   0.228   0.070
   0.52    9.50   20.00   3.162   0.100   0.105
   0.52    9.50   30.00   0.200   0.115   0.038
   0.52    9.50   30.00   0.398   0.175   0.016
   0.52    9.50   30.00   0.794   0.160   0.022
   0.52    9.50   30.00   1.585   0.244   0.086
   0.52    9.50   40.00   0.200   0.136   0.051
   0.52    9.50   40.00   0.398   0.148   0.015
   0.52    9.50   40.00   0.794   0.210   0.027
   0.52    9.50   40.00   1.585   0.222   0.078
   0.52    9.50   50.00   0.200   0.203   0.064
   0.52    9.50   50.00   0.398   0.165   0.017
   0.52    9.50   50.00   0.794   0.232   0.029
   0.52    9.50   50.00   1.585   0.250   0.088
   0.52    9.50   60.00   0.200   0.159   0.054
   0.52    9.50   60.00   0.398   0.188   0.018
   0.52    9.50   60.00   0.794   0.261   0.032
   0.52    9.50   60.00   1.585   0.293   0.081
   0.52    9.50   60.00   3.162   0.500   0.612
   0.52    9.50   70.00   0.200   0.145   0.052
   0.52    9.50   70.00   0.398   0.228   0.021
   0.52    9.50   70.00   0.794   0.285   0.035
   0.52    9.50   70.00   1.585   0.231   0.085
   0.52    9.50   70.00   3.162   0.500   0.612
   0.52    9.50   80.00   0.200   0.190   0.060
   0.52    9.50   80.00   0.398   0.190   0.020
   0.52    9.50   80.00   0.794   0.241   0.035
   0.52    9.50   80.00   1.585   0.233   0.098
   0.52    9.50   80.00   3.162   0.250   0.280
   0.52    9.50   90.00   0.200   0.133   0.058
   0.52    9.50   90.00   0.398   0.287   0.031
   0.52    9.50   90.00   0.794   0.316   0.045
   0.52    9.50   90.00   1.585   0.360   0.140
   0.52    9.75    0.00   0.200   0.500   0.433
   0.52    9.75    0.00   0.398   0.179   0.030
   0.52    9.75    0.00   0.794   0.171   0.016
   0.52    9.75    0.00   1.585   0.176   0.031
   0.52    9.75    0.00   3.162   0.207   0.093
   0.52    9.75   10.00   0.398   0.165   0.029
   0.52    9.75   10.00   0.794   0.182   0.017
   0.52    9.75   10.00   1.585   0.136   0.026
   0.52    9.75   10.00   3.162   0.136   0.084
   0.52    9.75   20.00   0.398   0.179   0.028
   0.52    9.75   20.00   0.794   0.213   0.020
   0.52    9.75   20.00   1.585   0.155   0.030
   0.52    9.75   20.00   3.162   0.095   0.070
   0.52    9.75   30.00   0.200   0.286   0.229
   0.52    9.75   30.00   0.398   0.191   0.031
   0.52    9.75   30.00   0.794   0.191   0.019
   0.52    9.75   30.00   1.585   0.227   0.035
   0.52    9.75   30.00   3.162   0.143   0.088
   0.52    9.75   40.00   0.200   0.200   0.219
   0.52    9.75   40.00   0.398   0.211   0.032
   0.52    9.75   40.00   0.794   0.188   0.018
   0.52    9.75   40.00   1.585   0.186   0.036
   0.52    9.75   40.00   3.162   0.148   0.079
   0.52    9.75   50.00   0.200   0.200   0.219
   0.52    9.75   50.00   0.398   0.176   0.031
   0.52    9.75   50.00   0.794   0.227   0.020
   0.52    9.75   50.00   1.585   0.216   0.040
   0.52    9.75   50.00   3.162   0.120   0.073
   0.52    9.75   60.00   0.398   0.226   0.034
   0.52    9.75   60.00   0.794   0.195   0.019
   0.52    9.75   60.00   1.585   0.184   0.034
   0.52    9.75   60.00   3.162   0.133   0.100
   0.52    9.75   70.00   0.200   0.455   0.245
   0.52    9.75   70.00   0.398   0.261   0.037
   0.52    9.75   70.00   0.794   0.249   0.023
   0.52    9.75   70.00   1.585   0.249   0.040
   0.52    9.75   70.00   3.162   0.235   0.131
   0.52    9.75   80.00   0.200   0.333   0.222
   0.52    9.75   80.00   0.398   0.291   0.039
   0.52    9.75   80.00   0.794   0.306   0.028
   0.52    9.75   80.00   1.585   0.232   0.045
   0.52    9.75   80.00   3.162   0.143   0.076
   0.52    9.75   90.00   0.200   0.333   0.272
   0.52    9.75   90.00   0.398   0.281   0.043
   0.52    9.75   90.00   0.794   0.338   0.034
   0.52    9.75   90.00   1.585   0.275   0.062
   0.52    9.75   90.00   3.162   0.273   0.178
   0.52   10.00    0.00   0.398   0.188   0.118
   0.52   10.00    0.00   0.794   0.109   0.021
   0.52   10.00    0.00   1.585   0.170   0.020
   0.52   10.00    0.00   3.162   0.126   0.037
   0.52   10.00   10.00   0.398   0.273   0.178
   0.52   10.00   10.00   0.794   0.173   0.027
   0.52   10.00   10.00   1.585   0.130   0.016
   0.52   10.00   10.00   3.162   0.182   0.047
   0.52   10.00   10.00   6.310   0.083   0.087
   0.52   10.00   20.00   0.398   0.222   0.174
   0.52   10.00   20.00   0.794   0.203   0.028
   0.52   10.00   20.00   1.585   0.179   0.021
   0.52   10.00   20.00   3.162   0.123   0.035
   0.52   10.00   30.00   0.398   0.300   0.197
   0.52   10.00   30.00   0.794   0.148   0.024
   0.52   10.00   30.00   1.585   0.149   0.019
   0.52   10.00   30.00   3.162   0.185   0.045
   0.52   10.00   30.00   6.310   0.286   0.229
   0.52   10.00   40.00   0.398   0.294   0.150
   0.52   10.00   40.00   0.794   0.181   0.026
   0.52   10.00   40.00   1.585   0.186   0.021
   0.52   10.00   40.00   3.162   0.181   0.045
   0.52   10.00   40.00   6.310   0.273   0.178
   0.52   10.00   50.00   0.398   0.308   0.176
   0.52   10.00   50.00   0.794   0.224   0.028
   0.52   10.00   50.00   1.585   0.205   0.023
   0.52   10.00   50.00   3.162   0.209   0.047
   0.52   10.00   50.00   6.310   0.273   0.178
   0.52   10.00   60.00   0.398   0.286   0.132
   0.52   10.00   60.00   0.794   0.223   0.029
   0.52   10.00   60.00   1.585   0.203   0.023
   0.52   10.00   60.00   3.162   0.135   0.041
   0.52   10.00   60.00   6.310   0.111   0.117
   0.52   10.00   70.00   0.398   0.227   0.113
   0.52   10.00   70.00   0.794   0.221   0.030
   0.52   10.00   70.00   1.585   0.215   0.024
   0.52   10.00   70.00   3.162   0.239   0.058
   0.52   10.00   70.00   6.310   0.200   0.219
   0.52   10.00   80.00   0.398   0.360   0.140
   0.52   10.00   80.00   0.794   0.278   0.034
   0.52   10.00   80.00   1.585   0.225   0.026
   0.52   10.00   80.00   3.162   0.195   0.055
   0.52   10.00   80.00   6.310   0.167   0.180
   0.52   10.00   90.00   0.200   1.000   1.000
   0.52   10.00   90.00   0.398   0.340   0.099
   0.52   10.00   90.00   0.794   0.370   0.040
   0.52   10.00   90.00   1.585   0.301   0.033
   0.52   10.00   90.00   3.162   0.279   0.076
   0.52   10.25    0.00   0.794   0.167   0.127
   0.52   10.25    0.00   1.585   0.161   0.028
   0.52   10.25    0.00   3.162   0.162   0.025
   0.52   10.25    0.00   6.310   0.207   0.093
   0.52   10.25    0.00  12.589   0.333   0.385
   0.52   10.25   10.00   1.585   0.167   0.029
   0.52   10.25   10.00   3.162   0.170   0.027
   0.52   10.25   10.00   6.310   0.271   0.085
   0.52   10.25   20.00   0.794   0.250   0.140
   0.52   10.25   20.00   1.585   0.170   0.027
   0.52   10.25   20.00   3.162   0.185   0.027
   0.52   10.25   20.00   6.310   0.250   0.099
   0.52   10.25   30.00   0.794   0.238   0.118
   0.52   10.25   30.00   1.585   0.147   0.025
   0.52   10.25   30.00   3.162   0.219   0.028
   0.52   10.25   30.00   6.310   0.224   0.069
   0.52   10.25   40.00   0.794   0.188   0.118
   0.52   10.25   40.00   1.585   0.164   0.026
   0.52   10.25   40.00   3.162   0.194   0.027
   0.52   10.25   40.00   6.310   0.189   0.065
   0.52   10.25   40.00  12.589   0.333   0.385
   0.52   10.25   50.00   0.794   0.391   0.154
   0.52   10.25   50.00   1.585   0.205   0.029
   0.52   10.25   50.00   3.162   0.262   0.033
   0.52   10.25   50.00   6.310   0.293   0.096
   0.52   10.25   60.00   0.794   0.261   0.120
   0.52   10.25   60.00   1.585   0.210   0.030
   0.52   10.25   60.00   3.162   0.255   0.031
   0.52   10.25   60.00   6.310   0.295   0.093
   0.52   10.25   70.00   0.794   0.259   0.110
   0.52   10.25   70.00   1.585   0.280   0.034
   0.52   10.25   70.00   3.162   0.277   0.034
   0.52   10.25   70.00   6.310   0.318   0.098
   0.52   10.25   80.00   0.794   0.375   0.127
   0.52   10.25   80.00   1.585   0.260   0.033
   0.52   10.25   80.00   3.162   0.241   0.033
   0.52   10.25   80.00   6.310   0.179   0.087
   0.52   10.25   90.00   0.398   0.667   0.609
   0.52   10.25   90.00   0.794   0.292   0.072
   0.52   10.25   90.00   1.585   0.359   0.038
   0.52   10.25   90.00   3.162   0.283   0.039
   0.52   10.25   90.00   6.310   0.182   0.081
   0.52   10.50    0.00   1.585   0.154   0.117
   0.52   10.50    0.00   3.162   0.162   0.032
   0.52   10.50    0.00   6.310   0.205   0.047
   0.52   10.50    0.00  12.589   0.667   0.609
   0.52   10.50   10.00   1.585   0.235   0.131
   0.52   10.50   10.00   3.162   0.268   0.046
   0.52   10.50   10.00   6.310   0.264   0.048
   0.52   10.50   10.00  12.589   0.222   0.174
   0.52   10.50   20.00   1.585   0.333   0.157
   0.52   10.50   20.00   3.162   0.173   0.034
   0.52   10.50   20.00   6.310   0.287   0.051
   0.52   10.50   20.00  12.589   0.167   0.180
   0.52   10.50   30.00   1.585   0.105   0.078
   0.52   10.50   30.00   3.162   0.246   0.040
   0.52   10.50   30.00   6.310   0.260   0.051
   0.52   10.50   30.00  12.589   0.615   0.277
   0.52   10.50   40.00   1.585   0.308   0.176
   0.52   10.50   40.00   3.162   0.233   0.040
   0.52   10.50   40.00   6.310   0.310   0.047
   0.52   10.50   40.00  12.589   0.167   0.127
   0.52   10.50   50.00   1.585   0.364   0.150
   0.52   10.50   50.00   3.162   0.232   0.040
   0.52   10.50   50.00   6.310   0.333   0.051
   0.52   10.50   50.00  12.589   0.231   0.148
   0.52   10.50   60.00   1.585   0.190   0.104
   0.52   10.50   60.00   3.162   0.205   0.033
   0.52   10.50   60.00   6.310   0.302   0.048
   0.52   10.50   60.00  12.589   0.500   0.306
   0.52   10.50   70.00   1.585   0.308   0.124
   0.52   10.50   70.00   3.162   0.303   0.041
   0.52   10.50   70.00   6.310   0.274   0.045
   0.52   10.50   70.00  12.589   0.273   0.178
   0.52   10.50   80.00   1.585   0.286   0.094
   0.52   10.50   80.00   3.162   0.267   0.038
   0.52   10.50   80.00   6.310   0.306   0.048
   0.52   10.50   80.00  12.589   0.429   0.209
   0.52   10.50   90.00   0.794   0.167   0.180
   0.52   10.50   90.00   1.585   0.542   0.119
   0.52   10.50   90.00   3.162   0.315   0.039
   0.52   10.50   90.00   6.310   0.316   0.052
   0.52   10.50   90.00  12.589   0.417   0.222
   0.52   10.75    0.00   6.310   0.328   0.084
   0.52   10.75    0.00  12.589   0.286   0.115
   0.52   10.75   10.00   3.162   0.250   0.198
   0.52   10.75   10.00   6.310   0.226   0.055
   0.52   10.75   10.00  12.589   0.241   0.102
   0.52   10.75   20.00   3.162   0.300   0.197
   0.52   10.75   20.00   6.310   0.236   0.064
   0.52   10.75   20.00  12.589   0.340   0.099
   0.52   10.75   30.00   3.162   0.400   0.237
   0.52   10.75   30.00   6.310   0.354   0.076
   0.52   10.75   30.00  12.589   0.271   0.076
   0.52   10.75   40.00   3.162   0.385   0.202
   0.52   10.75   40.00   6.310   0.315   0.068
   0.52   10.75   40.00  12.589   0.250   0.078
   0.52   10.75   50.00   3.162   0.538   0.252
   0.52   10.75   50.00   6.310   0.358   0.067
   0.52   10.75   50.00  12.589   0.431   0.097
   0.52   10.75   60.00   3.162   0.533   0.233
   0.52   10.75   60.00   6.310   0.337   0.070
   0.52   10.75   60.00  12.589   0.397   0.094
   0.52   10.75   70.00   3.162   0.320   0.130
   0.52   10.75   70.00   6.310   0.360   0.063
   0.52   10.75   70.00  12.589   0.394   0.091
   0.52   10.75   80.00   3.162   0.381   0.158
   0.52   10.75   80.00   6.310   0.388   0.063
   0.52   10.75   80.00  12.589   0.362   0.079
   0.52   10.75   90.00   1.585   0.500   0.354
   0.52   10.75   90.00   3.162   0.444   0.134
   0.52   10.75   90.00   6.310   0.353   0.051
   0.52   10.75   90.00  12.589   0.422   0.097
   0.52   11.00    0.00   6.310   0.500   0.612
   0.52   11.00    0.00  12.589   0.412   0.185
   0.52   11.00    0.00  25.119   0.500   0.354
   0.52   11.00   10.00  12.589   0.419   0.139
   0.52   11.00   10.00  25.119   1.000   0.816
   0.52   11.00   20.00   6.310   0.333   0.385
   0.52   11.00   20.00  12.589   0.450   0.181
   0.52   11.00   20.00  25.119   0.444   0.267
   0.52   11.00   30.00  12.589   0.423   0.152
   0.52   11.00   30.00  25.119   0.625   0.356
   0.52   11.00   40.00   6.310   0.333   0.385
   0.52   11.00   40.00  12.589   0.318   0.138
   0.52   11.00   40.00  25.119   0.400   0.237
   0.52   11.00   50.00   6.310   0.750   0.573
   0.52   11.00   50.00  12.589   0.565   0.196
   0.52   11.00   50.00  25.119   0.692   0.300
   0.52   11.00   60.00   6.310   0.250   0.280
   0.52   11.00   60.00  12.589   0.444   0.134
   0.52   11.00   60.00  25.119   0.400   0.193
   0.52   11.00   70.00   6.310   0.667   0.609
   0.52   11.00   70.00  12.589   0.378   0.119
   0.52   11.00   70.00  25.119   0.562   0.234
   0.52   11.00   80.00   6.310   0.600   0.310
   0.52   11.00   80.00  12.589   0.429   0.112
   0.52   11.00   80.00  25.119   0.600   0.219
   0.52   11.00   90.00   6.310   0.364   0.150
   0.52   11.00   90.00  12.589   0.459   0.095
   0.52   11.00   90.00  25.119   0.455   0.173
   0.52   11.25   10.00  25.119   1.000   1.000
   0.52   11.25   30.00  25.119   0.333   0.385
   0.52   11.25   40.00  50.119   1.000   0.816
   0.52   11.25   50.00  25.119   0.200   0.219
   0.52   11.25   60.00  25.119   0.625   0.356
   0.52   11.25   70.00  25.119   0.800   0.537
   0.52   11.25   70.00  50.119   0.500   0.612
   0.52   11.25   80.00  25.119   0.500   0.274
   0.52   11.25   80.00  50.119   1.000   0.816
   0.52   11.25   90.00  12.589   0.250   0.198
   0.52   11.25   90.00  25.119   0.467   0.214
   0.52   11.25   90.00  50.119   0.500   0.433
   1.00    9.50    0.00   0.200   0.250   0.280
   1.00    9.50    0.00   0.398   0.235   0.046
   1.00    9.50    0.00   0.794   0.220   0.017
   1.00    9.50    0.00   1.585   0.195   0.022
   1.00    9.50    0.00   3.162   0.240   0.077
   1.00    9.50   10.00   0.398   0.188   0.039
   1.00    9.50   10.00   0.794   0.249   0.018
   1.00    9.50   10.00   1.585   0.246   0.026
   1.00    9.50   10.00   3.162   0.196   0.071
   1.00    9.50   10.00   6.310   0.333   0.385
   1.00    9.50   20.00   0.200   0.500   0.433
   1.00    9.50   20.00   0.398   0.327   0.053
   1.00    9.50   20.00   0.794   0.243   0.018
   1.00    9.50   20.00   1.585   0.285   0.029
   1.00    9.50   20.00   3.162   0.122   0.053
   1.00    9.50   30.00   0.200   0.333   0.385
   1.00    9.50   30.00   0.398   0.236   0.044
   1.00    9.50   30.00   0.794   0.214   0.017
   1.00    9.50   30.00   1.585   0.261   0.027
   1.00    9.50   30.00   3.162   0.373   0.100
   1.00    9.50   40.00   0.398   0.241   0.047
   1.00    9.50   40.00   0.794   0.238   0.019
   1.00    9.50   40.00   1.585   0.339   0.033
   1.00    9.50   40.00   3.162   0.220   0.081
   1.00    9.50   50.00   0.398   0.287   0.052
   1.00    9.50   50.00   0.794   0.272   0.020
   1.00    9.50   50.00   1.585   0.280   0.030
   1.00    9.50   50.00   3.162   0.214   0.079
   1.00    9.50   50.00   6.310   0.333   0.385
   1.00    9.50   60.00   0.398   0.272   0.050
   1.00    9.50   60.00   0.794   0.298   0.022
   1.00    9.50   60.00   1.585   0.294   0.031
   1.00    9.50   60.00   3.162   0.244   0.082
   1.00    9.50   70.00   0.398   0.291   0.050
   1.00    9.50   70.00   0.794   0.340   0.024
   1.00    9.50   70.00   1.585   0.328   0.036
   1.00    9.50   70.00   3.162   0.235   0.092
   1.00    9.50   80.00   0.398   0.252   0.050
   1.00    9.50   80.00   0.794   0.326   0.024
   1.00    9.50   80.00   1.585   0.413   0.041
   1.00    9.50   80.00   3.162   0.340   0.099
   1.00    9.50   90.00   0.200   0.500   0.612
   1.00    9.50   90.00   0.398   0.300   0.060
   1.00    9.50   90.00   0.794   0.365   0.029
   1.00    9.50   90.00   1.585   0.418   0.050
   1.00    9.50   90.00   3.162   0.429   0.148
   1.00    9.50   90.00   6.310   0.250   0.280
   1.00    9.75    0.00   0.398   0.500   0.306
   1.00    9.75    0.00   0.794   0.223   0.031
   1.00    9.75    0.00   1.585   0.240   0.020
   1.00    9.75    0.00   3.162   0.260   0.037
   1.00    9.75    0.00   6.310   0.143   0.076
   1.00    9.75   10.00   0.398   1.000   0.632
   1.00    9.75   10.00   0.794   0.218   0.032
   1.00    9.75   10.00   1.585   0.228   0.020
   1.00    9.75   10.00   3.162   0.256   0.038
   1.00    9.75   10.00   6.310   0.208   0.102
   1.00    9.75   20.00   0.398   0.333   0.272
   1.00    9.75   20.00   0.794   0.235   0.035
   1.00    9.75   20.00   1.585   0.266   0.021
   1.00    9.75   20.00   3.162   0.236   0.036
   1.00    9.75   20.00   6.310   0.400   0.167
   1.00    9.75   30.00   0.398   0.500   0.612
   1.00    9.75   30.00   0.794   0.302   0.039
   1.00    9.75   30.00   1.585   0.266   0.022
   1.00    9.75   30.00   3.162   0.271   0.038
   1.00    9.75   30.00   6.310   0.235   0.131
   1.00    9.75   40.00   0.794   0.277   0.036
   1.00    9.75   40.00   1.585   0.247   0.022
   1.00    9.75   40.00   3.162   0.248   0.036
   1.00    9.75   40.00   6.310   0.150   0.093
   1.00    9.75   50.00   0.398   0.556   0.310
   1.00    9.75   50.00   0.794   0.337   0.043
   1.00    9.75   50.00   1.585   0.287   0.022
   1.00    9.75   50.00   3.162   0.297   0.041
   1.00    9.75   50.00   6.310   0.235   0.131
   1.00    9.75   60.00   0.200   1.000   1.000
   1.00    9.75   60.00   0.794   0.314   0.041
   1.00    9.75   60.00   1.585   0.335   0.026
   1.00    9.75   60.00   3.162   0.296   0.043
   1.00    9.75   60.00   6.310   0.235   0.131
   1.00    9.75   70.00   0.398   0.200   0.155
   1.00    9.75   70.00   0.794   0.305   0.038
   1.00    9.75   70.00   1.585   0.310   0.025
   1.00    9.75   70.00   3.162   0.297   0.044
   1.00    9.75   70.00   6.310   0.222   0.174
   1.00    9.75   70.00  12.589   0.500   0.612
   1.00    9.75   80.00   0.398   0.500   0.306
   1.00    9.75   80.00   0.794   0.340   0.042
   1.00    9.75   80.00   1.585   0.413   0.031
   1.00    9.75   80.00   3.162   0.395   0.057
   1.00    9.75   80.00   6.310   0.294   0.150
   1.00    9.75   90.00   0.398   0.562   0.234
   1.00    9.75   90.00   0.794   0.378   0.045
   1.00    9.75   90.00   1.585   0.457   0.036
   1.00    9.75   90.00   3.162   0.382   0.058
   1.00    9.75   90.00   6.310   0.364   0.212
   1.00   10.00    0.00   0.794   0.375   0.180
   1.00   10.00    0.00   1.585   0.231   0.034
   1.00   10.00    0.00   3.162   0.238   0.025
   1.00   10.00    0.00   6.310   0.295   0.063
   1.00   10.00   10.00   0.794   0.364   0.212
   1.00   10.00   10.00   1.585   0.274   0.036
   1.00   10.00   10.00   3.162   0.252   0.025
   1.00   10.00   10.00   6.310   0.291   0.058
   1.00   10.00   10.00  12.589   0.143   0.153
   1.00   10.00   20.00   0.794   0.143   0.153
   1.00   10.00   20.00   1.585   0.313   0.039
   1.00   10.00   20.00   3.162   0.269   0.026
   1.00   10.00   20.00   6.310   0.337   0.066
   1.00   10.00   20.00  12.589   0.167   0.180
   1.00   10.00   30.00   0.794   0.273   0.178
   1.00   10.00   30.00   1.585   0.207   0.029
   1.00   10.00   30.00   3.162   0.263   0.025
   1.00   10.00   30.00   6.310   0.277   0.056
   1.00   10.00   30.00  12.589   0.200   0.219
   1.00   10.00   40.00   0.794   0.462   0.228
   1.00   10.00   40.00   1.585   0.317   0.039
   1.00   10.00   40.00   3.162   0.325   0.028
   1.00   10.00   40.00   6.310   0.231   0.051
   1.00   10.00   40.00  12.589   0.667   0.609
   1.00   10.00   50.00   0.794   0.182   0.140
   1.00   10.00   50.00   1.585   0.299   0.039
   1.00   10.00   50.00   3.162   0.398   0.033
   1.00   10.00   50.00   6.310   0.272   0.058
   1.00   10.00   60.00   0.794   0.600   0.438
   1.00   10.00   60.00   1.585   0.330   0.037
   1.00   10.00   60.00   3.162   0.333   0.030
   1.00   10.00   60.00   6.310   0.374   0.067
   1.00   10.00   60.00  12.589   0.667   0.609
   1.00   10.00   70.00   0.794   0.143   0.108
   1.00   10.00   70.00   1.585   0.310   0.038
   1.00   10.00   70.00   3.162   0.352   0.030
   1.00   10.00   70.00   6.310   0.333   0.066
   1.00   10.00   70.00  12.589   0.250   0.280
   1.00   10.00   80.00   1.585   0.372   0.041
   1.00   10.00   80.00   3.162   0.404   0.034
   1.00   10.00   80.00   6.310   0.420   0.082
   1.00   10.00   90.00   0.794   0.533   0.233
   1.00   10.00   90.00   1.585   0.462   0.045
   1.00   10.00   90.00   3.162   0.456   0.039
   1.00   10.00   90.00   6.310   0.493   0.102
   1.00   10.25    0.00   1.585   0.333   0.385
   1.00   10.25    0.00   3.162   0.276   0.044
   1.00   10.25    0.00   6.310   0.251   0.035
   1.00   10.25    0.00  12.589   0.320   0.130
   1.00   10.25   10.00   1.585   0.333   0.192
   1.00   10.25   10.00   3.162   0.280   0.044
   1.00   10.25   10.00   6.310   0.303   0.038
   1.00   10.25   10.00  12.589   0.324   0.112
   1.00   10.25   20.00   1.585   0.500   0.274
   1.00   10.25   20.00   3.162   0.290   0.043
   1.00   10.25   20.00   6.310   0.333   0.040
   1.00   10.25   20.00  12.589   0.400   0.150
   1.00   10.25   30.00   1.585   0.500   0.306
   1.00   10.25   30.00   3.162   0.316   0.044
   1.00   10.25   30.00   6.310   0.404   0.045
   1.00   10.25   30.00  12.589   0.500   0.153
   1.00   10.25   40.00   1.585   0.429   0.296
   1.00   10.25   40.00   3.162   0.352   0.043
   1.00   10.25   40.00   6.310   0.336   0.040
   1.00   10.25   40.00  12.589   0.269   0.115
   1.00   10.25   50.00   1.585   0.333   0.272
   1.00   10.25   50.00   3.162   0.410   0.049
   1.00   10.25   50.00   6.310   0.343   0.038
   1.00   10.25   50.00  12.589   0.393   0.140
   1.00   10.25   60.00   1.585   0.385   0.202
   1.00   10.25   60.00   3.162   0.359   0.044
   1.00   10.25   60.00   6.310   0.400   0.044
   1.00   10.25   60.00  12.589   0.273   0.103
   1.00   10.25   70.00   1.585   0.462   0.228
   1.00   10.25   70.00   3.162   0.439   0.051
   1.00   10.25   70.00   6.310   0.382   0.040
   1.00   10.25   70.00  12.589   0.311   0.095
   1.00   10.25   80.00   1.585   0.375   0.180
   1.00   10.25   80.00   3.162   0.484   0.054
   1.00   10.25   80.00   6.310   0.425   0.044
   1.00   10.25   80.00  12.589   0.349   0.105
   1.00   10.25   90.00   1.585   0.576   0.166
   1.00   10.25   90.00   3.162   0.529   0.051
   1.00   10.25   90.00   6.310   0.491   0.047
   1.00   10.25   90.00  12.589   0.323   0.117
   1.00   10.50    0.00   6.310   0.337   0.067
   1.00   10.50    0.00  12.589   0.379   0.078
   1.00   10.50   10.00   3.162   0.625   0.356
   1.00   10.50   10.00   6.310   0.330   0.064
   1.00   10.50   10.00  12.589   0.279   0.064
   1.00   10.50   10.00  25.119   1.000   1.000
   1.00   10.50   20.00   3.162   0.091   0.095
   1.00   10.50   20.00   6.310   0.405   0.066
   1.00   10.50   20.00  12.589   0.405   0.070
   1.00   10.50   20.00  25.119   0.600   0.438
   1.00   10.50   30.00   3.162   0.167   0.180
   1.00   10.50   30.00   6.310   0.438   0.072
   1.00   10.50   30.00  12.589   0.390   0.068
   1.00   10.50   30.00  25.119   0.500   0.612
   1.00   10.50   40.00   3.162   0.333   0.222
   1.00   10.50   40.00   6.310   0.418   0.066
   1.00   10.50   40.00  12.589   0.457   0.076
   1.00   10.50   50.00   3.162   0.462   0.228
   1.00   10.50   50.00   6.310   0.340   0.056
   1.00   10.50   50.00  12.589   0.492   0.076
   1.00   10.50   50.00  25.119   0.429   0.296
   1.00   10.50   60.00   3.162   0.333   0.272
   1.00   10.50   60.00   6.310   0.413   0.057
   1.00   10.50   60.00  12.589   0.520   0.089
   1.00   10.50   60.00  25.119   0.750   0.573
   1.00   10.50   70.00   3.162   0.474   0.192
   1.00   10.50   70.00   6.310   0.484   0.067
   1.00   10.50   70.00  12.589   0.534   0.071
   1.00   10.50   70.00  25.119   0.500   0.274
   1.00   10.50   80.00   3.162   0.500   0.250
   1.00   10.50   80.00   6.310   0.424   0.060
   1.00   10.50   80.00  12.589   0.547   0.069
   1.00   10.50   80.00  25.119   0.625   0.356
   1.00   10.50   90.00   3.162   0.737   0.260
   1.00   10.50   90.00   6.310   0.492   0.061
   1.00   10.50   90.00  12.589   0.516   0.070
   1.00   10.50   90.00  25.119   0.538   0.252
   1.00   10.75    0.00   6.310   0.500   0.433
   1.00   10.75    0.00  12.589   0.500   0.153
   1.00   10.75    0.00  25.119   0.500   0.177
   1.00   10.75   10.00   6.310   0.333   0.385
   1.00   10.75   10.00  12.589   0.420   0.109
   1.00   10.75   10.00  25.119   0.567   0.172
   1.00   10.75   20.00   6.310   0.250   0.198
   1.00   10.75   20.00  12.589   0.491   0.113
   1.00   10.75   20.00  25.119   0.444   0.154
   1.00   10.75   30.00   6.310   0.500   0.612
   1.00   10.75   30.00  12.589   0.530   0.111
   1.00   10.75   30.00  25.119   0.520   0.178
   1.00   10.75   40.00   6.310   0.750   0.573
   1.00   10.75   40.00  12.589   0.500   0.118
   1.00   10.75   40.00  25.119   0.538   0.146
   1.00   10.75   50.00   6.310   0.667   0.609
   1.00   10.75   50.00  12.589   0.580   0.115
   1.00   10.75   50.00  25.119   0.676   0.183
   1.00   10.75   60.00   6.310   1.000   0.632
   1.00   10.75   60.00  12.589   0.631   0.126
   1.00   10.75   60.00  25.119   0.512   0.134
   1.00   10.75   60.00  50.119   1.000   1.000
   1.00   10.75   70.00   6.310   0.700   0.345
   1.00   10.75   70.00  12.589   0.529   0.096
   1.00   10.75   70.00  25.119   0.547   0.126
   1.00   10.75   80.00   6.310   0.714   0.418
   1.00   10.75   80.00  12.589   0.602   0.102
   1.00   10.75   80.00  25.119   0.704   0.149
   1.00   10.75   90.00   6.310   0.645   0.185
   1.00   10.75   90.00  12.589   0.609   0.084
   1.00   10.75   90.00  25.119   0.617   0.129
   1.00   11.00    0.00  25.119   0.714   0.418
   1.00   11.00   10.00  25.119   0.700   0.345
   1.00   11.00   20.00  25.119   0.636   0.308
   1.00   11.00   20.00  50.119   0.667   0.609
   1.00   11.00   30.00  25.119   0.727   0.338
   1.00   11.00   30.00  50.119   0.667   0.609
   1.00   11.00   40.00  12.589   1.000   1.000
   1.00   11.00   40.00  25.119   0.700   0.244
   1.00   11.00   40.00  50.119   0.500   0.433
   1.00   11.00   50.00  25.119   0.867   0.328
   1.00   11.00   50.00  50.119   0.889   0.432
   1.00   11.00   60.00  12.589   0.667   0.609
   1.00   11.00   60.00  25.119   0.692   0.300
   1.00   11.00   60.00  50.119   0.833   0.505
   1.00   11.00   70.00  12.589   0.500   0.433
   1.00   11.00   70.00  25.119   0.778   0.277
   1.00   11.00   70.00  50.119   0.833   0.505
   1.00   11.00   80.00  12.589   0.625   0.356
   1.00   11.00   80.00  25.119   0.733   0.206
   1.00   11.00   80.00  50.119   0.636   0.308
   1.00   11.00   90.00  12.589   0.857   0.477
   1.00   11.00   90.00  25.119   0.681   0.156
   1.00   11.00   90.00  50.119   0.632   0.233
   1.00   11.25   30.00  50.119   1.000   1.000
   1.00   11.25   40.00  50.119   1.000   1.000
   1.00   11.25   50.00  50.119   1.000   1.000
   1.00   11.25   60.00  50.119   0.500   0.612
   1.00   11.25   70.00  50.119   1.000   0.707
   1.00   11.25   70.00 100.000   1.000   1.000
   1.00   11.25   80.00  50.119   1.000   0.632
   1.00   11.25   90.00  50.119   1.000   0.471
   2.00    9.50    0.00   0.794   0.341   0.072
   2.00    9.50    0.00   1.585   0.373   0.025
   2.00    9.50    0.00   3.162   0.346   0.034
   2.00    9.50    0.00   6.310   0.500   0.250
   2.00    9.50   10.00   0.794   0.345   0.073
   2.00    9.50   10.00   1.585   0.345   0.024
   2.00    9.50   10.00   3.162   0.329   0.035
   2.00    9.50   10.00   6.310   0.231   0.148
   2.00    9.50   20.00   0.794   0.457   0.085
   2.00    9.50   20.00   1.585   0.387   0.025
   2.00    9.50   20.00   3.162   0.416   0.039
   2.00    9.50   20.00   6.310   0.571   0.253
   2.00    9.50   30.00   0.794   0.412   0.085
   2.00    9.50   30.00   1.585   0.398   0.027
   2.00    9.50   30.00   3.162   0.408   0.038
   2.00    9.50   30.00   6.310   0.538   0.252
   2.00    9.50   40.00   0.794   0.512   0.098
   2.00    9.50   40.00   1.585   0.405   0.028
   2.00    9.50   40.00   3.162   0.386   0.036
   2.00    9.50   40.00   6.310   0.455   0.173
   2.00    9.50   50.00   0.794   0.540   0.098
   2.00    9.50   50.00   1.585   0.442   0.029
   2.00    9.50   50.00   3.162   0.394   0.038
   2.00    9.50   50.00   6.310   0.235   0.131
   2.00    9.50   60.00   0.398   1.000   1.000
   2.00    9.50   60.00   0.794   0.494   0.093
   2.00    9.50   60.00   1.585   0.421   0.029
   2.00    9.50   60.00   3.162   0.435   0.041
   2.00    9.50   60.00   6.310   0.500   0.231
   2.00    9.50   70.00   0.000   0.500   0.612
   2.00    9.50   70.00   0.794   0.530   0.099
   2.00    9.50   70.00   1.585   0.459   0.031
   2.00    9.50   70.00   3.162   0.456   0.043
   2.00    9.50   70.00   6.310   0.435   0.165
   2.00    9.50   80.00   0.794   0.596   0.098
   2.00    9.50   80.00   1.585   0.506   0.034
   2.00    9.50   80.00   3.162   0.478   0.044
   2.00    9.50   80.00   6.310   0.846   0.347
   2.00    9.50   90.00   0.794   0.707   0.114
   2.00    9.50   90.00   1.585   0.570   0.038
   2.00    9.50   90.00   3.162   0.597   0.055
   2.00    9.50   90.00   6.310   0.500   0.274
   2.00    9.75    0.00   0.794   1.000   1.000
   2.00    9.75    0.00   1.585   0.401   0.059
   2.00    9.75    0.00   3.162   0.394   0.031
   2.00    9.75    0.00   6.310   0.366   0.064
   2.00    9.75   10.00   1.585   0.522   0.071
   2.00    9.75   10.00   3.162   0.399   0.030
   2.00    9.75   10.00   6.310   0.434   0.068
   2.00    9.75   10.00  12.589   0.500   0.433
   2.00    9.75   20.00   0.794   0.500   0.612
   2.00    9.75   20.00   1.585   0.446   0.062
   2.00    9.75   20.00   3.162   0.432   0.032
   2.00    9.75   20.00   6.310   0.395   0.067
   2.00    9.75   20.00  12.589   0.500   0.612
   2.00    9.75   30.00   1.585   0.480   0.064
   2.00    9.75   30.00   3.162   0.398   0.030
   2.00    9.75   30.00   6.310   0.451   0.067
   2.00    9.75   40.00   0.794   1.000   1.000
   2.00    9.75   40.00   1.585   0.506   0.070
   2.00    9.75   40.00   3.162   0.486   0.036
   2.00    9.75   40.00   6.310   0.391   0.063
   2.00    9.75   50.00   1.585   0.535   0.076
   2.00    9.75   50.00   3.162   0.456   0.033
   2.00    9.75   50.00   6.310   0.547   0.078
   2.00    9.75   60.00   0.794   0.667   0.609
   2.00    9.75   60.00   1.585   0.520   0.073
   2.00    9.75   60.00   3.162   0.498   0.035
   2.00    9.75   60.00   6.310   0.480   0.075
   2.00    9.75   60.00  12.589   0.500   0.612
   2.00    9.75   70.00   0.794   1.000   1.000
   2.00    9.75   70.00   1.585   0.552   0.080
   2.00    9.75   70.00   3.162   0.518   0.037
   2.00    9.75   70.00   6.310   0.514   0.075
   2.00    9.75   80.00   0.794   0.500   0.612
   2.00    9.75   80.00   1.585   0.627   0.087
   2.00    9.75   80.00   3.162   0.516   0.037
   2.00    9.75   80.00   6.310   0.580   0.096
   2.00    9.75   80.00  12.589   0.250   0.280
   2.00    9.75   90.00   0.794   1.000   0.816
   2.00    9.75   90.00   1.585   0.648   0.080
   2.00    9.75   90.00   3.162   0.633   0.044
   2.00    9.75   90.00   6.310   0.594   0.084
   2.00    9.75   90.00  12.589   0.500   0.612
   2.00   10.00    0.00   1.585   0.600   0.438
   2.00   10.00    0.00   3.162   0.540   0.067
   2.00   10.00    0.00   6.310   0.449   0.049
   2.00   10.00    0.00  12.589   0.375   0.147
   2.00   10.00   10.00   1.585   0.500   0.612
   2.00   10.00   10.00   3.162   0.486   0.064
   2.00   10.00   10.00   6.310   0.423   0.045
   2.00   10.00   10.00  12.589   0.524   0.195
   2.00   10.00   20.00   1.585   0.250   0.280
   2.00   10.00   20.00   3.162   0.500   0.063
   2.00   10.00   20.00   6.310   0.491   0.051
   2.00   10.00   20.00  12.589   0.417   0.157
   2.00   10.00   30.00   1.585   0.600   0.438
   2.00   10.00   30.00   3.162   0.579   0.068
   2.00   10.00   30.00   6.310   0.509   0.053
   2.00   10.00   30.00  12.589   0.524   0.195
   2.00   10.00   40.00   1.585   1.000   0.632
   2.00   10.00   40.00   3.162   0.565   0.065
   2.00   10.00   40.00   6.310   0.535   0.052
   2.00   10.00   40.00  12.589   0.519   0.171
   2.00   10.00   50.00   1.585   0.750   0.573
   2.00   10.00   50.00   3.162   0.508   0.063
   2.00   10.00   50.00   6.310   0.523   0.049
   2.00   10.00   50.00  12.589   0.741   0.219
   2.00   10.00   60.00   1.585   0.500   0.433
   2.00   10.00   60.00   3.162   0.542   0.066
   2.00   10.00   60.00   6.310   0.550   0.051
   2.00   10.00   60.00  12.589   0.485   0.148
   2.00   10.00   70.00   1.585   0.667   0.609
   2.00   10.00   70.00   3.162   0.595   0.066
   2.00   10.00   70.00   6.310   0.615   0.055
   2.00   10.00   70.00  12.589   0.680   0.214
   2.00   10.00   80.00   1.585   1.000   0.632
   2.00   10.00   80.00   3.162   0.689   0.072
   2.00   10.00   80.00   6.310   0.596   0.053
   2.00   10.00   80.00  12.589   0.697   0.189
   2.00   10.00   90.00   1.585   1.000   1.000
   2.00   10.00   90.00   3.162   0.737   0.079
   2.00   10.00   90.00   6.310   0.685   0.058
   2.00   10.00   90.00  12.589   0.548   0.166
   2.00   10.25    0.00   3.162   1.000   0.577
   2.00   10.25    0.00   6.310   0.470   0.072
   2.00   10.25    0.00  12.589   0.348   0.084
   2.00   10.25    0.00  25.119   0.250   0.280
   2.00   10.25   10.00   3.162   0.308   0.176
   2.00   10.25   10.00   6.310   0.605   0.088
   2.00   10.25   10.00  12.589   0.553   0.106
   2.00   10.25   10.00  25.119   1.000   0.816
   2.00   10.25   20.00   3.162   0.556   0.310
   2.00   10.25   20.00   6.310   0.638   0.090
   2.00   10.25   20.00  12.589   0.655   0.114
   2.00   10.25   30.00   3.162   0.600   0.310
   2.00   10.25   30.00   6.310   0.547   0.073
   2.00   10.25   30.00  12.589   0.686   0.116
   2.00   10.25   30.00  25.119   0.600   0.438
   2.00   10.25   40.00   3.162   0.733   0.291
   2.00   10.25   40.00   6.310   0.571   0.076
   2.00   10.25   40.00  12.589   0.592   0.096
   2.00   10.25   40.00  25.119   0.667   0.609
   2.00   10.25   50.00   3.162   0.714   0.418
   2.00   10.25   50.00   6.310   0.653   0.080
   2.00   10.25   50.00  12.589   0.571   0.099
   2.00   10.25   50.00  25.119   0.333   0.385
   2.00   10.25   60.00   3.162   0.643   0.275
   2.00   10.25   60.00   6.310   0.664   0.085
   2.00   10.25   60.00  12.589   0.664   0.099
   2.00   10.25   60.00  25.119   0.750   0.573
   2.00   10.25   70.00   3.162   0.769   0.324
   2.00   10.25   70.00   6.310   0.696   0.083
   2.00   10.25   70.00  12.589   0.619   0.087
   2.00   10.25   70.00  25.119   1.000   0.632
   2.00   10.25   80.00   3.162   0.833   0.291
   2.00   10.25   80.00   6.310   0.696   0.081
   2.00   10.25   80.00  12.589   0.700   0.092
   2.00   10.25   80.00  25.119   0.333   0.385
   2.00   10.25   90.00   3.162   0.824   0.297
   2.00   10.25   90.00   6.310   0.793   0.080
   2.00   10.25   90.00  12.589   0.714   0.085
   2.00   10.25   90.00  25.119   1.000   0.707
   2.00   10.50    0.00   6.310   0.889   0.432
   2.00   10.50    0.00  12.589   0.843   0.175
   2.00   10.50    0.00  25.119   0.538   0.252
   2.00   10.50   10.00   6.310   0.500   0.231
   2.00   10.50   10.00  12.589   0.642   0.141
   2.00   10.50   10.00  25.119   0.917   0.383
   2.00   10.50   20.00   6.310   0.600   0.310
   2.00   10.50   20.00  12.589   0.714   0.148
   2.00   10.50   20.00  25.119   0.750   0.331
   2.00   10.50   30.00   6.310   0.636   0.308
   2.00   10.50   30.00  12.589   0.655   0.137
   2.00   10.50   30.00  25.119   0.625   0.252
   2.00   10.50   40.00   6.310   0.667   0.304
   2.00   10.50   40.00  12.589   0.726   0.122
   2.00   10.50   40.00  25.119   0.833   0.291
   2.00   10.50   50.00   6.310   0.667   0.304
   2.00   10.50   50.00  12.589   0.754   0.143
   2.00   10.50   50.00  25.119   0.667   0.248
   2.00   10.50   60.00   6.310   0.889   0.432
   2.00   10.50   60.00  12.589   0.786   0.120
   2.00   10.50   60.00  25.119   0.880   0.257
   2.00   10.50   70.00   6.310   0.750   0.286
   2.00   10.50   70.00  12.589   0.676   0.105
   2.00   10.50   70.00  25.119   0.700   0.244
   2.00   10.50   80.00   6.310   0.708   0.225
   2.00   10.50   80.00  12.589   0.744   0.099
   2.00   10.50   80.00  25.119   0.879   0.224
   2.00   10.50   90.00   6.310   0.947   0.312
   2.00   10.50   90.00  12.589   0.811   0.095
   2.00   10.50   90.00  25.119   0.847   0.163
   2.00   10.75    0.00  12.589   1.000   0.707
   2.00   10.75    0.00  25.119   0.571   0.358
   2.00   10.75   10.00  12.589   1.000   0.707
   2.00   10.75   10.00  25.119   0.889   0.432
   2.00   10.75   20.00  12.589   0.200   0.219
   2.00   10.75   20.00  25.119   0.750   0.286
   2.00   10.75   30.00  12.589   0.778   0.392
   2.00   10.75   30.00  25.119   0.933   0.347
   2.00   10.75   40.00  12.589   0.667   0.430
   2.00   10.75   40.00  25.119   0.722   0.263
   2.00   10.75   50.00  12.589   1.000   0.816
   2.00   10.75   50.00  25.119   0.714   0.241
   2.00   10.75   60.00  12.589   0.400   0.237
   2.00   10.75   60.00  25.119   0.769   0.324
   2.00   10.75   70.00  12.589   0.857   0.477
   2.00   10.75   70.00  25.119   0.800   0.219
   2.00   10.75   80.00  12.589   0.889   0.432
   2.00   10.75   80.00  25.119   0.974   0.222
   2.00   10.75   80.00  50.119   1.000   0.707
   2.00   10.75   90.00  12.589   0.893   0.246
   2.00   10.75   90.00  25.119   0.973   0.228
   2.00   10.75   90.00  50.119   0.857   0.477
   2.00   11.00   10.00  50.119   1.000   1.000
   2.00   11.00   20.00  25.119   1.000   1.000
   2.00   11.00   30.00  50.119   1.000   0.707
   2.00   11.00   40.00  25.119   1.000   1.000
   2.00   11.00   40.00  50.119   1.000   1.000
   2.00   11.00   50.00  25.119   1.000   0.816
   2.00   11.00   60.00  50.119   1.000   0.816
   2.00   11.00   60.00 100.000   1.000   1.000
   2.00   11.00   70.00  25.119   0.833   0.505
   2.00   11.00   70.00  50.119   1.000   0.632
   2.00   11.00   80.00  25.119   0.750   0.573
   2.00   11.00   80.00  50.119   1.000   1.000
   2.00   11.00   90.00  25.119   1.000   0.500
   2.00   11.00   90.00  50.119   0.909   0.397
   2.00   11.00   90.00 100.000   1.000   1.000
   2.00   11.25   90.00  50.119   1.000   1.000
   3.00    9.50    0.00   1.585   0.500   0.612
   3.00    9.50    0.00   3.162   0.525   0.051
   3.00    9.50    0.00   6.310   0.537   0.047
   3.00    9.50    0.00  12.589   0.556   0.310
   3.00    9.50   10.00   1.585   0.333   0.272
   3.00    9.50   10.00   3.162   0.572   0.054
   3.00    9.50   10.00   6.310   0.536   0.048
   3.00    9.50   10.00  12.589   0.571   0.358
   3.00    9.50   20.00   1.585   0.800   0.537
   3.00    9.50   20.00   3.162   0.602   0.055
   3.00    9.50   20.00   6.310   0.597   0.053
   3.00    9.50   20.00  12.589   0.625   0.356
   3.00    9.50   30.00   1.585   0.500   0.354
   3.00    9.50   30.00   3.162   0.571   0.056
   3.00    9.50   30.00   6.310   0.562   0.051
   3.00    9.50   30.00  12.589   0.571   0.253
   3.00    9.50   40.00   1.585   0.500   0.433
   3.00    9.50   40.00   3.162   0.625   0.059
   3.00    9.50   40.00   6.310   0.654   0.057
   3.00    9.50   40.00  12.589   0.455   0.245
   3.00    9.50   50.00   1.585   0.750   0.573
   3.00    9.50   50.00   3.162   0.639   0.059
   3.00    9.50   50.00   6.310   0.595   0.052
   3.00    9.50   50.00  12.589   0.571   0.358
   3.00    9.50   60.00   1.585   1.000   0.632
   3.00    9.50   60.00   3.162   0.648   0.058
   3.00    9.50   60.00   6.310   0.589   0.054
   3.00    9.50   60.00  12.589   0.778   0.392
   3.00    9.50   70.00   1.585   0.857   0.477
   3.00    9.50   70.00   3.162   0.675   0.065
   3.00    9.50   70.00   6.310   0.661   0.056
   3.00    9.50   70.00  12.589   1.000   0.471
   3.00    9.50   80.00   1.585   0.750   0.573
   3.00    9.50   80.00   3.162   0.675   0.062
   3.00    9.50   80.00   6.310   0.719   0.061
   3.00    9.50   80.00  12.589   0.636   0.308
   3.00    9.50   90.00   1.585   0.700   0.345
   3.00    9.50   90.00   3.162   0.754   0.076
   3.00    9.50   90.00   6.310   0.780   0.066
   3.00    9.50   90.00  12.589   0.769   0.324
   3.00    9.75    0.00   3.162   0.636   0.308
   3.00    9.75    0.00   6.310   0.591   0.063
   3.00    9.75    0.00  12.589   0.613   0.094
   3.00    9.75   10.00   3.162   0.545   0.277
   3.00    9.75   10.00   6.310   0.548   0.059
   3.00    9.75   10.00  12.589   0.644   0.110
   3.00    9.75   20.00   3.162   0.667   0.351
   3.00    9.75   20.00   6.310   0.626   0.063
   3.00    9.75   20.00  12.589   0.675   0.098
   3.00    9.75   30.00   3.162   0.625   0.356
   3.00    9.75   30.00   6.310   0.681   0.068
   3.00    9.75   30.00  12.589   0.621   0.090
   3.00    9.75   30.00  25.119   1.000   1.000
   3.00    9.75   40.00   3.162   0.786   0.317
   3.00    9.75   40.00   6.310   0.654   0.063
   3.00    9.75   40.00  12.589   0.660   0.103
   3.00    9.75   50.00   3.162   0.667   0.351
   3.00    9.75   50.00   6.310   0.695   0.067
   3.00    9.75   50.00  12.589   0.711   0.103
   3.00    9.75   50.00  25.119   0.500   0.612
   3.00    9.75   60.00   3.162   0.727   0.338
   3.00    9.75   60.00   6.310   0.699   0.067
   3.00    9.75   60.00  12.589   0.752   0.108
   3.00    9.75   70.00   3.162   0.786   0.317
   3.00    9.75   70.00   6.310   0.712   0.069
   3.00    9.75   70.00  12.589   0.677   0.092
   3.00    9.75   80.00   3.162   0.900   0.414
   3.00    9.75   80.00   6.310   0.796   0.074
   3.00    9.75   80.00  12.589   0.752   0.103
   3.00    9.75   80.00  25.119   0.667   0.609
   3.00    9.75   90.00   3.162   1.000   0.471
   3.00    9.75   90.00   6.310   0.828   0.073
   3.00    9.75   90.00  12.589   0.839   0.106
   3.00    9.75   90.00  25.119   1.000   1.000
   3.00   10.00    0.00   6.310   0.737   0.260
   3.00   10.00    0.00  12.589   0.690   0.116
   3.00   10.00    0.00  25.119   0.750   0.286
   3.00   10.00   10.00   6.310   0.778   0.392
   3.00   10.00   10.00  12.589   0.619   0.098
   3.00   10.00   10.00  25.119   0.722   0.263
   3.00   10.00   20.00   6.310   0.714   0.296
   3.00   10.00   20.00  12.589   0.723   0.098
   3.00   10.00   20.00  25.119   0.619   0.218
   3.00   10.00   30.00   6.310   0.611   0.234
   3.00   10.00   30.00  12.589   0.651   0.084
   3.00   10.00   30.00  25.119   0.833   0.291
   3.00   10.00   40.00   6.310   1.000   0.324
   3.00   10.00   40.00  12.589   0.719   0.098
   3.00   10.00   40.00  25.119   0.875   0.320
   3.00   10.00   50.00   6.310   0.714   0.296
   3.00   10.00   50.00  12.589   0.807   0.100
   3.00   10.00   50.00  25.119   0.867   0.328
   3.00   10.00   60.00   6.310   0.750   0.256
   3.00   10.00   60.00  12.589   0.753   0.095
   3.00   10.00   60.00  25.119   0.969   0.244
   3.00   10.00   70.00   6.310   0.850   0.280
   3.00   10.00   70.00  12.589   0.719   0.090
   3.00   10.00   70.00  25.119   0.795   0.191
   3.00   10.00   80.00   6.310   1.000   0.354
   3.00   10.00   80.00  12.589   0.799   0.090
   3.00   10.00   80.00  25.119   0.875   0.226
   3.00   10.00   90.00   6.310   0.905   0.286
   3.00   10.00   90.00  12.589   0.868   0.093
   3.00   10.00   90.00  25.119   0.811   0.199
   3.00   10.25    0.00  12.589   0.692   0.300
   3.00   10.25    0.00  25.119   0.840   0.249
   3.00   10.25   10.00  12.589   0.778   0.392
   3.00   10.25   10.00  25.119   0.739   0.236
   3.00   10.25   10.00  50.119   1.000   0.816
   3.00   10.25   20.00  12.589   0.818   0.260
   3.00   10.25   20.00  25.119   0.649   0.170
   3.00   10.25   30.00  12.589   0.733   0.291
   3.00   10.25   30.00  25.119   0.795   0.191
   3.00   10.25   30.00  50.119   0.500   0.612
   3.00   10.25   40.00  12.589   0.889   0.305
   3.00   10.25   40.00  25.119   0.886   0.195
   3.00   10.25   40.00  50.119   0.750   0.573
   3.00   10.25   50.00  12.589   0.722   0.263
   3.00   10.25   50.00  25.119   0.717   0.164
   3.00   10.25   50.00  50.119   1.000   0.707
   3.00   10.25   60.00  12.589   0.893   0.246
   3.00   10.25   60.00  25.119   0.800   0.179
   3.00   10.25   60.00  50.119   1.000   1.000
   3.00   10.25   70.00  12.589   0.947   0.312
   3.00   10.25   70.00  25.119   0.722   0.152
   3.00   10.25   70.00  50.119   1.000   1.000
   3.00   10.25   80.00  12.589   0.875   0.226
   3.00   10.25   80.00  25.119   0.918   0.170
   3.00   10.25   90.00  12.589   0.943   0.229
   3.00   10.25   90.00  25.119   0.901   0.155
   3.00   10.25   90.00  50.119   0.833   0.505
   3.00   10.50    0.00  25.119   1.000   0.707
   3.00   10.50    0.00  50.119   0.500   0.612
   3.00   10.50   10.00  25.119   0.833   0.505
   3.00   10.50   10.00  50.119   0.833   0.505
   3.00   10.50   20.00  50.119   1.000   0.535
   3.00   10.50   30.00  25.119   0.778   0.392
   3.00   10.50   30.00  50.119   0.667   0.609
   3.00   10.50   40.00  25.119   0.818   0.368
   3.00   10.50   40.00  50.119   0.667   0.430
   3.00   10.50   50.00  25.119   1.000   1.000
   3.00   10.50   50.00  50.119   1.000   0.577
   3.00   10.50   60.00  25.119   0.900   0.414
   3.00   10.50   60.00  50.119   1.000   0.632
   3.00   10.50   70.00  25.119   0.824   0.297
   3.00   10.50   70.00  50.119   0.857   0.477
   3.00   10.50   80.00  25.119   1.000   0.333
   3.00   10.50   80.00  50.119   1.000   0.447
   3.00   10.50   90.00  25.119   0.870   0.266
   3.00   10.50   90.00  50.119   1.000   0.272
   3.00   10.75   30.00  50.119   1.000   1.000
   3.00   10.75   50.00  50.119   1.000   0.707
   3.00   10.75   60.00  50.119   1.000   1.000
   3.00   10.75   70.00  50.119   1.000   0.707
   3.00   10.75   80.00  50.119   1.000   0.707
   3.00   10.75   90.00  50.119   1.000   0.447
   3.00   10.75   90.00 100.000   1.000   1.000
   3.90    9.50    0.00   3.162   0.900   0.414
   3.90    9.50    0.00   6.310   0.678   0.114
   3.90    9.50    0.00  12.589   0.778   0.226
   3.90    9.50   10.00   3.162   0.846   0.347
   3.90    9.50   10.00   6.310   0.650   0.116
   3.90    9.50   10.00  12.589   0.875   0.261
   3.90    9.50   20.00   3.162   1.000   0.632
   3.90    9.50   20.00   6.310   0.659   0.111
   3.90    9.50   20.00  12.589   0.719   0.196
   3.90    9.50   30.00   3.162   0.786   0.317
   3.90    9.50   30.00   6.310   0.759   0.130
   3.90    9.50   30.00  12.589   0.938   0.238
   3.90    9.50   40.00   3.162   1.000   0.447
   3.90    9.50   40.00   6.310   0.750   0.128
   3.90    9.50   40.00  12.589   0.824   0.210
   3.90    9.50   50.00   3.162   0.875   0.453
   3.90    9.50   50.00   6.310   0.848   0.141
   3.90    9.50   50.00  12.589   0.833   0.206
   3.90    9.50   60.00   3.162   1.000   0.408
   3.90    9.50   60.00   6.310   0.795   0.140
   3.90    9.50   60.00  12.589   0.794   0.205
   3.90    9.50   70.00   3.162   0.625   0.356
   3.90    9.50   70.00   6.310   0.806   0.142
   3.90    9.50   70.00  12.589   0.846   0.200
   3.90    9.50   80.00   3.162   0.818   0.368
   3.90    9.50   80.00   6.310   0.861   0.142
   3.90    9.50   80.00  12.589   0.852   0.242
   3.90    9.50   90.00   3.162   0.857   0.477
   3.90    9.50   90.00   6.310   0.899   0.147
   3.90    9.50   90.00  12.589   0.907   0.201
   3.90    9.75    0.00   6.310   0.909   0.397
   3.90    9.75    0.00  12.589   0.667   0.230
   3.90    9.75    0.00  25.119   0.750   0.573
   3.90    9.75   10.00   6.310   0.727   0.338
   3.90    9.75   10.00  12.589   0.742   0.204
   3.90    9.75   10.00  25.119   0.900   0.414
   3.90    9.75   20.00   6.310   0.875   0.453
   3.90    9.75   20.00  12.589   0.742   0.204
   3.90    9.75   20.00  25.119   0.875   0.453
   3.90    9.75   30.00   6.310   0.625   0.356
   3.90    9.75   30.00  12.589   0.857   0.238
   3.90    9.75   30.00  25.119   0.667   0.609
   3.90    9.75   40.00   6.310   0.636   0.308
   3.90    9.75   40.00  12.589   0.912   0.226
   3.90    9.75   40.00  25.119   0.667   0.609
   3.90    9.75   50.00   6.310   0.833   0.505
   3.90    9.75   50.00  12.589   0.903   0.235
   3.90    9.75   50.00  25.119   1.000   0.535
   3.90    9.75   60.00   6.310   0.889   0.432
   3.90    9.75   60.00  12.589   0.824   0.210
   3.90    9.75   60.00  25.119   0.833   0.505
   3.90    9.75   70.00   6.310   0.867   0.328
   3.90    9.75   70.00  12.589   0.780   0.184
   3.90    9.75   70.00  25.119   0.857   0.477
   3.90    9.75   80.00   6.310   1.000   0.535
   3.90    9.75   80.00  12.589   0.904   0.182
   3.90    9.75   80.00  25.119   1.000   0.632
   3.90    9.75   90.00   6.310   1.000   0.707
   3.90    9.75   90.00  12.589   0.927   0.180
   3.90    9.75   90.00  25.119   1.000   0.535
   3.90   10.00    0.00  12.589   0.600   0.438
   3.90   10.00    0.00  25.119   1.000   0.632
   3.90   10.00   10.00  12.589   0.625   0.356
   3.90   10.00   10.00  25.119   1.000   0.632
   3.90   10.00   10.00  50.119   0.500   0.612
   3.90   10.00   20.00  12.589   0.500   0.612
   3.90   10.00   20.00  25.119   1.000   0.577
   3.90   10.00   30.00  12.589   1.000   0.535
   3.90   10.00   30.00  25.119   0.833   0.357
   3.90   10.00   40.00  12.589   1.000   0.577
   3.90   10.00   40.00  25.119   0.750   0.405
   3.90   10.00   50.00   6.310   1.000   1.000
   3.90   10.00   50.00  12.589   0.778   0.392
   3.90   10.00   50.00  25.119   0.857   0.477
   3.90   10.00   60.00  12.589   0.778   0.392
   3.90   10.00   60.00  25.119   0.900   0.414
   3.90   10.00   70.00  12.589   0.909   0.397
   3.90   10.00   70.00  25.119   0.818   0.368
   3.90   10.00   80.00  12.589   0.923   0.370
   3.90   10.00   80.00  25.119   0.909   0.397
   3.90   10.00   90.00  12.589   1.000   0.392
   3.90   10.00   90.00  25.119   1.000   0.365
   3.90   10.25    0.00  25.119   1.000   1.000
   3.90   10.25   10.00  25.119   0.500   0.612
   3.90   10.25   30.00  25.119   1.000   1.000
   3.90   10.25   40.00  50.119   1.000   1.000
   3.90   10.25   50.00  12.589   1.000   0.816
   3.90   10.25   50.00  25.119   1.000   1.000
   3.90   10.25   50.00  50.119   0.667   0.609
   3.90   10.25   60.00  25.119   1.000   0.816
   3.90   10.25   80.00  25.119   1.000   1.000
   3.90   10.25   80.00  50.119   1.000   0.707
   3.90   10.25   90.00  25.119   1.000   0.535
   3.90   10.25   90.00  50.119   0.667   0.609
   3.90   10.50   90.00  50.119   1.000   1.000
   5.00    9.50    0.00   6.310   1.000   0.707
   5.00    9.50    0.00  12.589   1.000   0.816
   5.00    9.50   10.00   6.310   1.000   0.707
   5.00    9.50   10.00  12.589   0.500   0.612
   5.00    9.50   20.00   6.310   1.000   0.816
   5.00    9.50   20.00  12.589   0.500   0.433
   5.00    9.50   30.00   6.310   1.000   1.000
   5.00    9.50   30.00  12.589   0.333   0.385
   5.00    9.50   40.00   6.310   1.000   0.816
   5.00    9.50   40.00  12.589   0.833   0.505
   5.00    9.50   50.00   6.310   0.750   0.573
   5.00    9.50   50.00  12.589   1.000   0.632
   5.00    9.50   60.00   6.310   1.000   0.632
   5.00    9.50   60.00  12.589   1.000   0.632
   5.00    9.50   70.00   6.310   1.000   1.000
   5.00    9.50   70.00  12.589   0.875   0.453
   5.00    9.50   80.00   6.310   1.000   0.707
   5.00    9.50   80.00  12.589   0.889   0.432
   5.00    9.50   90.00  12.589   1.000   0.447
   5.00    9.75    0.00  12.589   1.000   1.000
   5.00    9.75   40.00  12.589   0.833   0.505
   5.00    9.75   60.00  12.589   1.000   1.000
   5.00    9.75   60.00  25.119   1.000   0.816
   5.00    9.75   70.00  25.119   1.000   1.000
   5.00    9.75   80.00  12.589   1.000   1.000
   5.00    9.75   80.00  25.119   1.000   0.707
   5.00    9.75   90.00  12.589   1.000   0.577
   5.00   10.00   10.00  25.119   1.000   1.000
   5.00   10.00   80.00  25.119   1.000   0.816
   5.00   10.00   90.00  12.589   1.000   1.000
   5.00   10.25   20.00  50.119   1.000   1.000
