z | log(m) | density(percentile) | f | error
   0.14    9.50    0.00   0.074   0.010
   0.14    9.50   10.00   0.063   0.010
   0.14    9.50   20.00   0.084   0.012
   0.14    9.50   30.00   0.070   0.011
   0.14    9.50   40.00   0.082   0.013
   0.14    9.50   50.00   0.075   0.012
   0.14    9.50   60.00   0.098   0.016
   0.14    9.50   70.00   0.120   0.019
   0.14    9.50   80.00   0.121   0.021
   0.14    9.50   90.00   0.165   0.035
   0.14    9.75    0.00   0.068   0.009
   0.14    9.75   10.00   0.077   0.010
   0.14    9.75   20.00   0.081   0.010
   0.14    9.75   30.00   0.072   0.009
   0.14    9.75   40.00   0.078   0.010
   0.14    9.75   50.00   0.082   0.011
   0.14    9.75   60.00   0.073   0.010
   0.14    9.75   70.00   0.081   0.011
   0.14    9.75   80.00   0.103   0.014
   0.14    9.75   90.00   0.140   0.021
   0.14   10.00    0.00   0.057   0.009
   0.14   10.00   10.00   0.061   0.009
   0.14   10.00   20.00   0.068   0.010
   0.14   10.00   30.00   0.077   0.010
   0.14   10.00   40.00   0.078   0.010
   0.14   10.00   50.00   0.078   0.010
   0.14   10.00   60.00   0.073   0.010
   0.14   10.00   70.00   0.072   0.010
   0.14   10.00   80.00   0.087   0.012
   0.14   10.00   90.00   0.121   0.017
   0.14   10.25    0.00   0.057   0.010
   0.14   10.25   10.00   0.058   0.010
   0.14   10.25   20.00   0.052   0.009
   0.14   10.25   30.00   0.050   0.009
   0.14   10.25   40.00   0.064   0.010
   0.14   10.25   50.00   0.089   0.012
   0.14   10.25   60.00   0.095   0.012
   0.14   10.25   70.00   0.086   0.012
   0.14   10.25   80.00   0.080   0.012
   0.14   10.25   90.00   0.124   0.016
   0.14   10.50    0.00   0.071   0.015
   0.14   10.50   10.00   0.056   0.013
   0.14   10.50   20.00   0.092   0.016
   0.14   10.50   30.00   0.088   0.016
   0.14   10.50   40.00   0.092   0.016
   0.14   10.50   50.00   0.110   0.017
   0.14   10.50   60.00   0.118   0.017
   0.14   10.50   70.00   0.152   0.020
   0.14   10.50   80.00   0.109   0.016
   0.14   10.50   90.00   0.154   0.019
   0.14   10.75    0.00   0.086   0.027
   0.14   10.75   10.00   0.084   0.024
   0.14   10.75   20.00   0.114   0.027
   0.14   10.75   30.00   0.133   0.028
   0.14   10.75   40.00   0.098   0.023
   0.14   10.75   50.00   0.110   0.023
   0.14   10.75   60.00   0.144   0.028
   0.14   10.75   70.00   0.151   0.026
   0.14   10.75   80.00   0.214   0.032
   0.14   10.75   90.00   0.192   0.026
   0.14   11.00    0.00   0.179   0.074
   0.14   11.00   10.00   0.236   0.073
   0.14   11.00   20.00   0.125   0.047
   0.14   11.00   30.00   0.067   0.034
   0.14   11.00   40.00   0.155   0.056
   0.14   11.00   50.00   0.203   0.059
   0.14   11.00   60.00   0.179   0.056
   0.14   11.00   70.00   0.190   0.048
   0.14   11.00   80.00   0.212   0.047
   0.14   11.00   90.00   0.143   0.033
   0.14   11.25   10.00   0.167   0.180
   0.14   11.25   20.00   0.300   0.197
   0.14   11.25   30.00   0.357   0.186
   0.14   11.25   40.00   0.333   0.272
   0.14   11.25   50.00   0.267   0.150
   0.14   11.25   60.00   0.062   0.064
   0.14   11.25   70.00   0.353   0.168
   0.14   11.25   80.00   0.160   0.086
   0.14   11.25   90.00   0.122   0.058
   0.14   11.50   80.00   0.333   0.385
   0.14   11.50   90.00   0.200   0.155
   0.52    9.50    0.00   0.154   0.011
   0.52    9.50   10.00   0.149   0.011
   0.52    9.50   20.00   0.184   0.013
   0.52    9.50   30.00   0.169   0.012
   0.52    9.50   40.00   0.168   0.013
   0.52    9.50   50.00   0.190   0.014
   0.52    9.50   60.00   0.214   0.015
   0.52    9.50   70.00   0.240   0.017
   0.52    9.50   80.00   0.207   0.017
   0.52    9.50   90.00   0.288   0.024
   0.52    9.75    0.00   0.175   0.013
   0.52    9.75   10.00   0.168   0.013
   0.52    9.75   20.00   0.193   0.014
   0.52    9.75   30.00   0.198   0.014
   0.52    9.75   40.00   0.192   0.014
   0.52    9.75   50.00   0.212   0.015
   0.52    9.75   60.00   0.198   0.015
   0.52    9.75   70.00   0.253   0.017
   0.52    9.75   80.00   0.287   0.020
   0.52    9.75   90.00   0.313   0.024
   0.52   10.00    0.00   0.145   0.014
   0.52   10.00   10.00   0.149   0.014
   0.52   10.00   20.00   0.179   0.015
   0.52   10.00   30.00   0.156   0.014
   0.52   10.00   40.00   0.187   0.015
   0.52   10.00   50.00   0.214   0.017
   0.52   10.00   60.00   0.204   0.017
   0.52   10.00   70.00   0.220   0.018
   0.52   10.00   80.00   0.247   0.019
   0.52   10.00   90.00   0.332   0.024
   0.52   10.25    0.00   0.165   0.018
   0.52   10.25   10.00   0.172   0.019
   0.52   10.25   20.00   0.183   0.018
   0.52   10.25   30.00   0.192   0.018
   0.52   10.25   40.00   0.181   0.018
   0.52   10.25   50.00   0.243   0.021
   0.52   10.25   60.00   0.238   0.021
   0.52   10.25   70.00   0.280   0.023
   0.52   10.25   80.00   0.255   0.022
   0.52   10.25   90.00   0.318   0.025
   0.52   10.50    0.00   0.182   0.027
   0.52   10.50   10.00   0.263   0.032
   0.52   10.50   20.00   0.229   0.029
   0.52   10.50   30.00   0.257   0.030
   0.52   10.50   40.00   0.270   0.030
   0.52   10.50   50.00   0.286   0.031
   0.52   10.50   60.00   0.248   0.027
   0.52   10.50   70.00   0.291   0.029
   0.52   10.50   80.00   0.287   0.028
   0.52   10.50   90.00   0.344   0.030
   0.52   10.75    0.00   0.292   0.063
   0.52   10.75   10.00   0.231   0.047
   0.52   10.75   20.00   0.277   0.052
   0.52   10.75   30.00   0.329   0.054
   0.52   10.75   40.00   0.297   0.050
   0.52   10.75   50.00   0.396   0.054
   0.52   10.75   60.00   0.376   0.055
   0.52   10.75   70.00   0.364   0.048
   0.52   10.75   80.00   0.384   0.047
   0.52   10.75   90.00   0.384   0.043
   0.52   11.00    0.00   0.440   0.159
   0.52   11.00   10.00   0.444   0.134
   0.52   11.00   20.00   0.438   0.140
   0.52   11.00   30.00   0.471   0.143
   0.52   11.00   40.00   0.343   0.115
   0.52   11.00   50.00   0.625   0.159
   0.52   11.00   60.00   0.418   0.104
   0.52   11.00   70.00   0.456   0.108
   0.52   11.00   80.00   0.494   0.097
   0.52   11.00   90.00   0.441   0.073
   0.52   11.25   10.00   1.000   1.000
   0.52   11.25   30.00   0.500   0.433
   0.52   11.25   40.00   0.429   0.296
   0.52   11.25   50.00   0.333   0.272
   0.52   11.25   60.00   0.500   0.274
   0.52   11.25   70.00   0.714   0.418
   0.52   11.25   80.00   0.615   0.277
   0.52   11.25   90.00   0.429   0.148
   0.52   11.50   90.00   1.000   0.816
   1.00    9.50    0.00   0.214   0.013
   1.00    9.50   10.00   0.242   0.014
   1.00    9.50   20.00   0.260   0.014
   1.00    9.50   30.00   0.235   0.014
   1.00    9.50   40.00   0.268   0.015
   1.00    9.50   50.00   0.274   0.016
   1.00    9.50   60.00   0.292   0.016
   1.00    9.50   70.00   0.329   0.018
   1.00    9.50   80.00   0.342   0.019
   1.00    9.50   90.00   0.372   0.023
   1.00    9.75    0.00   0.240   0.015
   1.00    9.75   10.00   0.234   0.015
   1.00    9.75   20.00   0.257   0.016
   1.00    9.75   30.00   0.275   0.017
   1.00    9.75   40.00   0.252   0.016
   1.00    9.75   50.00   0.300   0.018
   1.00    9.75   60.00   0.323   0.019
   1.00    9.75   70.00   0.305   0.019
   1.00    9.75   80.00   0.391   0.022
   1.00    9.75   90.00   0.425   0.025
   1.00   10.00    0.00   0.244   0.019
   1.00   10.00   10.00   0.264   0.019
   1.00   10.00   20.00   0.289   0.020
   1.00   10.00   30.00   0.247   0.018
   1.00   10.00   40.00   0.315   0.021
   1.00   10.00   50.00   0.351   0.023
   1.00   10.00   60.00   0.340   0.022
   1.00   10.00   70.00   0.334   0.022
   1.00   10.00   80.00   0.389   0.025
   1.00   10.00   90.00   0.462   0.028
   1.00   10.25    0.00   0.266   0.027
   1.00   10.25   10.00   0.296   0.028
   1.00   10.25   20.00   0.323   0.029
   1.00   10.25   30.00   0.376   0.031
   1.00   10.25   40.00   0.342   0.028
   1.00   10.25   50.00   0.373   0.030
   1.00   10.25   60.00   0.376   0.030
   1.00   10.25   70.00   0.401   0.030
   1.00   10.25   80.00   0.441   0.032
   1.00   10.25   90.00   0.505   0.033
   1.00   10.50    0.00   0.345   0.049
   1.00   10.50   10.00   0.327   0.046
   1.00   10.50   20.00   0.395   0.046
   1.00   10.50   30.00   0.409   0.048
   1.00   10.50   40.00   0.426   0.048
   1.00   10.50   50.00   0.413   0.045
   1.00   10.50   60.00   0.453   0.048
   1.00   10.50   70.00   0.507   0.047
   1.00   10.50   80.00   0.491   0.045
   1.00   10.50   90.00   0.515   0.045
   1.00   10.75    0.00   0.492   0.110
   1.00   10.75   10.00   0.476   0.091
   1.00   10.75   20.00   0.457   0.085
   1.00   10.75   30.00   0.527   0.093
   1.00   10.75   40.00   0.526   0.091
   1.00   10.75   50.00   0.607   0.096
   1.00   10.75   60.00   0.609   0.092
   1.00   10.75   70.00   0.550   0.075
   1.00   10.75   80.00   0.643   0.083
   1.00   10.75   90.00   0.613   0.066
   1.00   11.00    0.00   0.750   0.405
   1.00   11.00   10.00   0.727   0.338
   1.00   11.00   20.00   0.667   0.272
   1.00   11.00   30.00   0.733   0.291
   1.00   11.00   40.00   0.692   0.212
   1.00   11.00   50.00   0.875   0.261
   1.00   11.00   60.00   0.727   0.239
   1.00   11.00   70.00   0.750   0.217
   1.00   11.00   80.00   0.694   0.155
   1.00   11.00   90.00   0.685   0.126
   1.00   11.25   30.00   1.000   0.816
   1.00   11.25   40.00   1.000   1.000
   1.00   11.25   50.00   1.000   0.816
   1.00   11.25   60.00   0.667   0.609
   1.00   11.25   70.00   1.000   0.577
   1.00   11.25   80.00   1.000   0.577
   1.00   11.25   90.00   1.000   0.447
   2.00    9.50    0.00   0.364   0.019
   2.00    9.50   10.00   0.339   0.019
   2.00    9.50   20.00   0.403   0.021
   2.00    9.50   30.00   0.404   0.021
   2.00    9.50   40.00   0.407   0.022
   2.00    9.50   50.00   0.431   0.022
   2.00    9.50   60.00   0.432   0.023
   2.00    9.50   70.00   0.463   0.024
   2.00    9.50   80.00   0.508   0.026
   2.00    9.50   90.00   0.590   0.030
   2.00    9.75    0.00   0.394   0.025
   2.00    9.75   10.00   0.425   0.026
   2.00    9.75   20.00   0.430   0.026
   2.00    9.75   30.00   0.421   0.025
   2.00    9.75   40.00   0.476   0.029
   2.00    9.75   50.00   0.484   0.029
   2.00    9.75   60.00   0.500   0.029
   2.00    9.75   70.00   0.524   0.031
   2.00    9.75   80.00   0.541   0.032
   2.00    9.75   90.00   0.631   0.035
   2.00   10.00    0.00   0.482   0.038
   2.00   10.00   10.00   0.451   0.036
   2.00   10.00   20.00   0.489   0.038
   2.00   10.00   30.00   0.538   0.041
   2.00   10.00   40.00   0.551   0.040
   2.00   10.00   50.00   0.530   0.038
   2.00   10.00   60.00   0.543   0.039
   2.00   10.00   70.00   0.611   0.041
   2.00   10.00   80.00   0.640   0.042
   2.00   10.00   90.00   0.697   0.045
   2.00   10.25    0.00   0.443   0.055
   2.00   10.25   10.00   0.574   0.065
   2.00   10.25   20.00   0.636   0.068
   2.00   10.25   30.00   0.596   0.060
   2.00   10.25   40.00   0.589   0.058
   2.00   10.25   50.00   0.624   0.061
   2.00   10.25   60.00   0.664   0.063
   2.00   10.25   70.00   0.672   0.059
   2.00   10.25   80.00   0.702   0.059
   2.00   10.25   90.00   0.764   0.057
   2.00   10.50    0.00   0.797   0.139
   2.00   10.50   10.00   0.658   0.118
   2.00   10.50   20.00   0.705   0.124
   2.00   10.50   30.00   0.647   0.112
   2.00   10.50   40.00   0.737   0.106
   2.00   10.50   50.00   0.726   0.115
   2.00   10.50   60.00   0.805   0.104
   2.00   10.50   70.00   0.688   0.092
   2.00   10.50   80.00   0.763   0.084
   2.00   10.50   90.00   0.831   0.079
   2.00   10.75    0.00   0.667   0.304
   2.00   10.75   10.00   0.923   0.370
   2.00   10.75   20.00   0.591   0.207
   2.00   10.75   30.00   0.808   0.237
   2.00   10.75   40.00   0.708   0.225
   2.00   10.75   50.00   0.760   0.231
   2.00   10.75   60.00   0.609   0.206
   2.00   10.75   70.00   0.816   0.197
   2.00   10.75   80.00   0.962   0.190
   2.00   10.75   90.00   0.931   0.158
   2.00   11.00    0.00   1.000   1.000
   2.00   11.00   10.00   1.000   1.000
   2.00   11.00   20.00   1.000   0.816
   2.00   11.00   30.00   1.000   0.707
   2.00   11.00   40.00   1.000   0.707
   2.00   11.00   50.00   0.750   0.573
   2.00   11.00   60.00   1.000   0.535
   2.00   11.00   70.00   0.917   0.383
   2.00   11.00   80.00   0.833   0.505
   2.00   11.00   90.00   0.955   0.291
   2.00   11.25   90.00   1.000   0.816
   3.00    9.50    0.00   0.532   0.034
   3.00    9.50   10.00   0.551   0.036
   3.00    9.50   20.00   0.600   0.038
   3.00    9.50   30.00   0.566   0.037
   3.00    9.50   40.00   0.636   0.040
   3.00    9.50   50.00   0.615   0.039
   3.00    9.50   60.00   0.623   0.039
   3.00    9.50   70.00   0.674   0.042
   3.00    9.50   80.00   0.697   0.043
   3.00    9.50   90.00   0.768   0.049
   3.00    9.75    0.00   0.598   0.052
   3.00    9.75   10.00   0.572   0.051
   3.00    9.75   20.00   0.643   0.053
   3.00    9.75   30.00   0.662   0.053
   3.00    9.75   40.00   0.661   0.053
   3.00    9.75   50.00   0.698   0.056
   3.00    9.75   60.00   0.715   0.056
   3.00    9.75   70.00   0.704   0.054
   3.00    9.75   80.00   0.784   0.059
   3.00    9.75   90.00   0.836   0.060
   3.00   10.00    0.00   0.705   0.099
   3.00   10.00   10.00   0.644   0.090
   3.00   10.00   20.00   0.709   0.086
   3.00   10.00   30.00   0.665   0.077
   3.00   10.00   40.00   0.767   0.091
   3.00   10.00   50.00   0.805   0.091
   3.00   10.00   60.00   0.788   0.084
   3.00   10.00   70.00   0.745   0.078
   3.00   10.00   80.00   0.824   0.081
   3.00   10.00   90.00   0.862   0.081
   3.00   10.25    0.00   0.795   0.191
   3.00   10.25   10.00   0.771   0.198
   3.00   10.25   20.00   0.717   0.143
   3.00   10.25   30.00   0.768   0.156
   3.00   10.25   40.00   0.879   0.158
   3.00   10.25   50.00   0.735   0.137
   3.00   10.25   60.00   0.840   0.144
   3.00   10.25   70.00   0.787   0.137
   3.00   10.25   80.00   0.905   0.135
   3.00   10.25   90.00   0.911   0.125
   3.00   10.50    0.00   0.833   0.505
   3.00   10.50   10.00   0.833   0.357
   3.00   10.50   20.00   1.000   0.500
   3.00   10.50   30.00   0.750   0.331
   3.00   10.50   40.00   0.765   0.282
   3.00   10.50   50.00   1.000   0.500
   3.00   10.50   60.00   0.938   0.337
   3.00   10.50   70.00   0.833   0.252
   3.00   10.50   80.00   1.000   0.267
   3.00   10.50   90.00   0.942   0.188
   3.00   10.75   30.00   1.000   1.000
   3.00   10.75   50.00   1.000   0.632
   3.00   10.75   60.00   1.000   0.816
   3.00   10.75   70.00   1.000   0.577
   3.00   10.75   80.00   1.000   0.632
   3.00   10.75   90.00   1.000   0.392
   3.90    9.50    0.00   0.718   0.100
   3.90    9.50   10.00   0.712   0.102
   3.90    9.50   20.00   0.690   0.096
   3.90    9.50   30.00   0.810   0.108
   3.90    9.50   40.00   0.790   0.107
   3.90    9.50   50.00   0.839   0.112
   3.90    9.50   60.00   0.815   0.112
   3.90    9.50   70.00   0.808   0.110
   3.90    9.50   80.00   0.855   0.116
   3.90    9.50   90.00   0.899   0.115
   3.90    9.75    0.00   0.757   0.190
   3.90    9.75   10.00   0.769   0.162
   3.90    9.75   20.00   0.771   0.169
   3.90    9.75   30.00   0.795   0.191
   3.90    9.75   40.00   0.833   0.178
   3.90    9.75   50.00   0.909   0.199
   3.90    9.75   60.00   0.840   0.176
   3.90    9.75   70.00   0.810   0.152
   3.90    9.75   80.00   0.922   0.166
   3.90    9.75   90.00   0.939   0.166
   3.90   10.00    0.00   0.818   0.368
   3.90   10.00   10.00   0.733   0.291
   3.90   10.00   20.00   0.875   0.453
   3.90   10.00   30.00   0.900   0.292
   3.90   10.00   40.00   0.867   0.328
   3.90   10.00   50.00   0.842   0.286
   3.90   10.00   60.00   0.850   0.280
   3.90   10.00   70.00   0.870   0.266
   3.90   10.00   80.00   0.917   0.271
   3.90   10.00   90.00   1.000   0.258
   3.90   10.25    0.00   1.000   1.000
   3.90   10.25   10.00   0.500   0.612
   3.90   10.25   30.00   1.000   1.000
   3.90   10.25   40.00   1.000   1.000
   3.90   10.25   50.00   0.875   0.453
   3.90   10.25   60.00   1.000   0.707
   3.90   10.25   70.00   1.000   0.816
   3.90   10.25   80.00   1.000   0.577
   3.90   10.25   90.00   0.900   0.414
   3.90   10.50   70.00   1.000   1.000
   3.90   10.50   90.00   1.000   1.000
   5.00    9.50    0.00   1.000   0.535
   5.00    9.50   10.00   0.857   0.477
   5.00    9.50   20.00   0.714   0.418
   5.00    9.50   30.00   0.667   0.430
   5.00    9.50   40.00   0.889   0.432
   5.00    9.50   50.00   0.889   0.432
   5.00    9.50   60.00   1.000   0.447
   5.00    9.50   70.00   0.900   0.414
   5.00    9.50   80.00   0.923   0.370
   5.00    9.50   90.00   1.000   0.426
   5.00    9.75    0.00   1.000   0.816
   5.00    9.75   20.00   1.000   1.000
   5.00    9.75   30.00   1.000   1.000
   5.00    9.75   40.00   0.857   0.477
   5.00    9.75   50.00   1.000   1.000
   5.00    9.75   60.00   1.000   0.632
   5.00    9.75   70.00   1.000   1.000
   5.00    9.75   80.00   1.000   0.577
   5.00    9.75   90.00   1.000   0.535
   5.00   10.00   10.00   1.000   1.000
   5.00   10.00   30.00   1.000   1.000
   5.00   10.00   80.00   1.000   0.816
   5.00   10.00   90.00   1.000   0.816
   5.00   10.25   20.00   1.000   1.000
