z | log(m) | SFR | f | error
   0.14    9.50    0.00   0.125   0.133
   0.14    9.50    0.10   0.035   0.025
   0.14    9.50    0.20   0.066   0.008
   0.14    9.50    0.40   0.091   0.006
   0.14    9.50    0.79   0.100   0.013
   0.14    9.50    1.58   0.070   0.025
   0.14    9.75    0.20   0.070   0.012
   0.14    9.75    0.40   0.083   0.005
   0.14    9.75    0.79   0.083   0.006
   0.14    9.75    1.58   0.067   0.013
   0.14    9.75    3.16   0.052   0.031
   0.14    9.75    6.31   0.200   0.219
   0.14   10.00    0.20   0.132   0.053
   0.14   10.00    0.40   0.075   0.008
   0.14   10.00    0.79   0.070   0.004
   0.14   10.00    1.58   0.081   0.007
   0.14   10.00    3.16   0.109   0.023
   0.14   10.00    6.31   0.087   0.064
   0.14   10.25    0.20   0.250   0.280
   0.14   10.25    0.40   0.155   0.042
   0.14   10.25    0.79   0.084   0.008
   0.14   10.25    1.58   0.064   0.004
   0.14   10.25    3.16   0.089   0.010
   0.14   10.25    6.31   0.088   0.031
   0.14   10.25   12.59   0.250   0.280
   0.14   10.50    0.40   0.250   0.280
   0.14   10.50    0.79   0.274   0.061
   0.14   10.50    1.58   0.110   0.010
   0.14   10.50    3.16   0.094   0.007
   0.14   10.50    6.31   0.123   0.017
   0.14   10.50   12.59   0.200   0.089
   0.14   10.75    0.79   0.625   0.356
   0.14   10.75    1.58   0.371   0.091
   0.14   10.75    3.16   0.141   0.015
   0.14   10.75    6.31   0.123   0.011
   0.14   10.75   12.59   0.157   0.030
   0.14   10.75   25.12   0.250   0.280
   0.14   11.00    1.58   1.000   0.816
   0.14   11.00    3.16   0.350   0.154
   0.14   11.00    6.31   0.172   0.028
   0.14   11.00   12.59   0.131   0.018
   0.14   11.00   25.12   0.373   0.100
   0.14   11.25    6.31   0.667   0.609
   0.14   11.25   12.59   0.149   0.060
   0.14   11.25   25.12   0.191   0.049
   0.14   11.25   50.12   0.500   0.306
   0.14   11.50   25.12   0.143   0.153
   0.14   11.50   50.12   0.273   0.178
   0.52    9.50    0.20   0.157   0.017
   0.52    9.50    0.40   0.178   0.006
   0.52    9.50    0.79   0.214   0.009
   0.52    9.50    1.58   0.215   0.024
   0.52    9.50    3.16   0.111   0.059
   0.52    9.50    6.31   1.000   1.000
   0.52    9.75    0.20   0.254   0.071
   0.52    9.75    0.40   0.216   0.011
   0.52    9.75    0.79   0.218   0.006
   0.52    9.75    1.58   0.197   0.011
   0.52    9.75    3.16   0.157   0.029
   0.52    9.75    6.31   0.111   0.117
   0.52   10.00    0.10   0.500   0.612
   0.52   10.00    0.20   1.000   0.816
   0.52   10.00    0.40   0.293   0.045
   0.52   10.00    0.79   0.215   0.009
   0.52   10.00    1.58   0.192   0.007
   0.52   10.00    3.16   0.180   0.015
   0.52   10.00    6.31   0.152   0.047
   0.52   10.25    0.40   0.500   0.433
   0.52   10.25    0.79   0.270   0.037
   0.52   10.25    1.58   0.218   0.010
   0.52   10.25    3.16   0.224   0.010
   0.52   10.25    6.31   0.244   0.027
   0.52   10.25   12.59   0.158   0.098
   0.52   10.50    0.79   0.222   0.174
   0.52   10.50    1.58   0.328   0.042
   0.52   10.50    3.16   0.246   0.012
   0.52   10.50    6.31   0.290   0.016
   0.52   10.50   12.59   0.356   0.069
   0.52   10.75    1.58   0.500   0.306
   0.52   10.75    3.16   0.389   0.059
   0.52   10.75    6.31   0.333   0.021
   0.52   10.75   12.59   0.353   0.029
   0.52   10.75   25.12   0.400   0.335
   0.52   11.00    6.31   0.434   0.108
   0.52   11.00   12.59   0.433   0.043
   0.52   11.00   25.12   0.533   0.082
   0.52   11.25   12.59   0.300   0.197
   0.52   11.25   25.12   0.481   0.115
   0.52   11.25   50.12   0.667   0.272
   0.52   11.50   50.12   1.000   0.707
   1.00    9.50    0.20   0.333   0.172
   1.00    9.50    0.40   0.263   0.016
   1.00    9.50    0.79   0.271   0.006
   1.00    9.50    1.58   0.295   0.010
   1.00    9.50    3.16   0.256   0.027
   1.00    9.50    6.31   0.190   0.104
   1.00    9.75    0.20   0.750   0.573
   1.00    9.75    0.40   0.444   0.094
   1.00    9.75    0.79   0.292   0.012
   1.00    9.75    1.58   0.299   0.008
   1.00    9.75    3.16   0.287   0.013
   1.00    9.75    6.31   0.239   0.041
   1.00    9.75   12.59   0.500   0.433
   1.00   10.00    0.79   0.310   0.060
   1.00   10.00    1.58   0.315   0.012
   1.00   10.00    3.16   0.328   0.009
   1.00   10.00    6.31   0.325   0.021
   1.00   10.00   12.59   0.195   0.075
   1.00   10.25    1.58   0.455   0.074
   1.00   10.25    3.16   0.385   0.015
   1.00   10.25    6.31   0.371   0.013
   1.00   10.25   12.59   0.345   0.038
   1.00   10.25   25.12   0.600   0.438
   1.00   10.50    3.16   0.435   0.076
   1.00   10.50    6.31   0.416   0.020
   1.00   10.50   12.59   0.467   0.023
   1.00   10.50   25.12   0.518   0.118
   1.00   10.75    6.31   0.623   0.115
   1.00   10.75   12.59   0.554   0.035
   1.00   10.75   25.12   0.576   0.048
   1.00   10.75   50.12   0.571   0.358
   1.00   11.00   12.59   0.720   0.223
   1.00   11.00   25.12   0.720   0.082
   1.00   11.00   50.12   0.714   0.139
   1.00   11.25   50.12   0.962   0.269
   1.00   11.25  100.00   1.000   0.535
   2.00    9.50    0.00   0.333   0.385
   2.00    9.50    0.40   1.000   0.707
   2.00    9.50    0.79   0.496   0.029
   2.00    9.50    1.58   0.426   0.009
   2.00    9.50    3.16   0.421   0.013
   2.00    9.50    6.31   0.470   0.068
   2.00    9.75    0.79   0.737   0.260
   2.00    9.75    1.58   0.521   0.023
   2.00    9.75    3.16   0.470   0.011
   2.00    9.75    6.31   0.474   0.023
   2.00    9.75   12.59   0.500   0.204
   2.00   10.00    1.58   0.692   0.173
   2.00   10.00    3.16   0.578   0.021
   2.00   10.00    6.31   0.543   0.016
   2.00   10.00   12.59   0.556   0.057
   2.00   10.25    3.16   0.697   0.098
   2.00   10.25    6.31   0.644   0.026
   2.00   10.25   12.59   0.630   0.031
   2.00   10.25   25.12   0.639   0.171
   2.00   10.50    6.31   0.728   0.096
   2.00   10.50   12.59   0.744   0.039
   2.00   10.50   25.12   0.792   0.079
   2.00   10.50   50.12   0.500   0.612
   2.00   10.75   12.59   0.776   0.127
   2.00   10.75   25.12   0.849   0.087
   2.00   10.75   50.12   0.706   0.266
   2.00   11.00   12.59   1.000   1.000
   2.00   11.00   25.12   0.926   0.257
   2.00   11.00   50.12   0.938   0.238
   2.00   11.00  100.00   1.000   0.632
   2.00   11.25   50.12   1.000   1.000
   3.00    9.50    1.58   0.679   0.147
   3.00    9.50    3.16   0.625   0.019
   3.00    9.50    6.31   0.620   0.017
   3.00    9.50   12.59   0.653   0.105
   3.00    9.75    3.16   0.736   0.110
   3.00    9.75    6.31   0.686   0.021
   3.00    9.75   12.59   0.698   0.032
   3.00    9.75   25.12   0.750   0.331
   3.00   10.00    6.31   0.812   0.093
   3.00   10.00   12.59   0.745   0.030
   3.00   10.00   25.12   0.820   0.078
   3.00   10.25   12.59   0.852   0.087
   3.00   10.25   25.12   0.809   0.057
   3.00   10.25   50.12   0.885   0.253
   3.00   10.50   12.59   1.000   1.000
   3.00   10.50   25.12   0.881   0.128
   3.00   10.50   50.12   0.924   0.150
   3.00   10.75   25.12   1.000   0.816
   3.00   10.75   50.12   1.000   0.267
   3.00   10.75  100.00   1.000   0.632
   3.90    9.50    3.16   0.867   0.129
   3.90    9.50    6.31   0.768   0.041
   3.90    9.50   12.59   0.838   0.069
   3.90    9.50   25.12   0.500   0.433
   3.90    9.75    3.16   0.667   0.609
   3.90    9.75    6.31   0.822   0.129
   3.90    9.75   12.59   0.841   0.066
   3.90    9.75   25.12   0.883   0.167
   3.90   10.00    6.31   1.000   0.632
   3.90   10.00   12.59   0.855   0.138
   3.90   10.00   25.12   0.900   0.138
   3.90   10.00   50.12   0.857   0.477
   3.90   10.25   12.59   1.000   0.707
   3.90   10.25   25.12   0.952   0.298
   3.90   10.25   50.12   0.857   0.337
   3.90   10.50   25.12   1.000   1.000
   3.90   10.50   50.12   1.000   0.632
   5.00    9.50    6.31   0.969   0.244
   5.00    9.50   12.59   0.855   0.170
   5.00    9.50   25.12   1.000   1.000
   5.00    9.75   12.59   0.952   0.298
   5.00    9.75   25.12   1.000   0.354
   5.00   10.00   12.59   1.000   1.000
   5.00   10.00   25.12   1.000   0.447
   5.00   10.25   50.12   1.000   1.000
